2.238696366548538208e-01 5.065786838531494141e-01 5.629224181175231934e-01
2.740277647972106934e-01 -7.371042966842651367e-01 5.453720092773437500e-01
4.747601151466369629e-01 1.979527063667774200e-02 -3.696404099464416504e-01
5.385797023773193359e-01 -7.900546193122863770e-01 -2.315309643745422363e-01
5.922279357910156250e-01 7.907750010490417480e-01 -1.255307048559188843e-01
-4.851254224777221680e-01 -7.893565893173217773e-01 3.593979775905609131e-01
5.178382992744445801e-01 -1.192515268921852112e-01 3.144251704216003418e-01
-1.034048795700073242e-01 -1.627285778522491455e-01 5.969262123107910156e-01
-3.283699043095111847e-04 5.228327512741088867e-01 -3.164620697498321533e-02
-8.965943939983844757e-03 -7.900546193122863770e-01 1.181788370013237000e-02
-3.671590387821197510e-01 2.979686260223388672e-01 4.822505712509155273e-01
5.781676769256591797e-01 3.761475384235382080e-01 1.847917288541793823e-01
-1.486768573522567749e-01 7.907750010490417480e-01 5.622243881225585938e-01
5.966154932975769043e-01 -3.452125191688537598e-01 -1.010000780224800110e-01
5.061712861061096191e-01 7.939659953117370605e-01 3.367619812488555908e-01
5.662015080451965332e-01 -6.610195040702819824e-01 2.155048698186874390e-01
-1.385056227445602417e-01 -5.972996950149536133e-01 5.897465348243713379e-01
-4.555091857910156250e-01 -3.365370631217956543e-01 4.060660004615783691e-01
2.361349463462829590e-01 9.224040061235427856e-02 5.586345195770263672e-01
5.415711998939514160e-01 4.109491407871246338e-01 -2.705206871032714844e-01
2.431152164936065674e-01 -3.430187404155731201e-01 5.566402077674865723e-01
6.027980446815490723e-01 4.588149860501289368e-02 -5.238882265985012054e-03
-6.983979791402816772e-02 5.225335955619812012e-01 3.333715796470642090e-01
4.368672966957092285e-01 -5.016701221466064453e-01 -4.161089658737182617e-01
2.604661285877227783e-01 5.225335955619812012e-01 1.943646520376205444e-01
-4.330483451485633850e-02 2.631670534610748291e-01 6.084935665130615234e-01
3.299695849418640137e-01 -7.900546193122863770e-01 2.050631307065486908e-02
-8.965943939983844757e-03 -7.900546193122863770e-01 3.594976961612701416e-01
4.342746138572692871e-01 7.948634624481201172e-01 -4.053394198417663574e-01
-4.087414145469665527e-01 -2.366183884441852570e-02 4.459531903266906738e-01
2.951679825782775879e-01 5.228327512741088867e-01 -1.185504496097564697e-01
-3.811195492744445801e-01 6.021085977554321289e-01 4.700849950313568115e-01
4.747601151466369629e-01 -4.205993413925170898e-01 3.746548295021057129e-01
4.343743324279785156e-01 2.689507007598876953e-01 4.210236966609954834e-01
1.483830958604812622e-01 7.906752824783325195e-01 5.624237656593322754e-01
2.431152164936065674e-01 -7.900546193122863770e-01 -2.663325369358062744e-01
3.718511462211608887e-01 -2.322320342063903809e-01 -4.727488160133361816e-01
3.578906059265136719e-01 2.979686260223388672e-01 -4.849143922328948975e-01
5.916296243667602539e-01 6.629365682601928711e-01 1.144905388355255127e-01
-1.615404635667800903e-01 5.064790248870849609e-01 5.853589177131652832e-01
4.627939462661743164e-01 5.383887887001037598e-01 3.884159326553344727e-01
5.993078947067260742e-01 -6.059750914573669434e-01 -5.461126193404197693e-02
3.560957014560699463e-01 -7.900546193122863770e-01 3.073451817035675049e-01
-2.436084002256393433e-01 -7.900546193122863770e-01 2.551926374435424805e-01
5.850482583045959473e-01 -3.800141215324401855e-01 1.496909856796264648e-01
-2.870854735374450684e-01 -7.900546193122863770e-01 5.245309472084045410e-01
-2.533807754516601562e-01 -3.800141215324401855e-01 5.496599078178405762e-01
3.464230597019195557e-01 -1.250351667404174805e-01 4.957124888896942139e-01
5.466567873954772949e-01 1.182767748832702637e-01 2.563892900943756104e-01
1.120857372879981995e-01 -5.451471209526062012e-01 5.997183322906494141e-01
-4.041544198989868164e-01 -5.799487233161926270e-01 4.500416219234466553e-01
-1.956440210342407227e-01 8.063322305679321289e-02 5.779798030853271484e-01
5.309013724327087402e-01 -1.975301653146743774e-01 -2.862761318683624268e-01
-3.293670597486197948e-04 -7.898551225662231445e-01 6.009149551391601562e-01
5.989090204238891602e-01 4.978035092353820801e-01 -6.057440117001533508e-02
5.639080405235290527e-01 1.592608690261840820e-01 -2.080972194671630859e-01
1.561610996723175049e-01 -7.900546193122863770e-01 1.943646520376205444e-01
4.322802722454071045e-01 -7.276310920715332031e-01 -4.200977087020874023e-01
1.277414709329605103e-01 -1.540531069040298462e-01 5.962282419204711914e-01
3.417362868785858154e-01 7.150890231132507324e-01 4.683897495269775391e-01
6.004047989845275879e-01 -1.656204015016555786e-01 6.893935054540634155e-02
4.582069516181945801e-01 5.760821104049682617e-01 -3.954673409461975098e-01
6.027980446815490723e-01 2.718425095081329346e-01 -5.238882265985012054e-03
-4.330483451485633850e-02 -3.973650634288787842e-01 6.084935665130615234e-01
1.796945482492446899e-01 2.979686260223388672e-01 5.783786773681640625e-01
4.262217134237289429e-02 6.107839941978454590e-01 6.038067936897277832e-01
4.342746138572692871e-01 5.225335955619812012e-01 7.264886051416397095e-02
5.531384944915771484e-01 -5.016701221466064453e-01 -2.394086867570877075e-01
-2.784099876880645752e-01 5.225335955619812012e-01 2.986697256565093994e-01
6.030972003936767578e-01 -7.893565893173217773e-01 4.623355716466903687e-02
2.431152164936065674e-01 5.225335955619812012e-01 -3.358359634876251221e-01
4.466396272182464600e-01 -6.349930167198181152e-01 4.069634675979614258e-01
1.388101726770401001e-01 5.228327512741088867e-01 3.768486380577087402e-01
8.017030544579029083e-03 1.111082825809717178e-02 6.061999797821044922e-01
-3.173997402191162109e-01 -1.887549757957458496e-01 5.183484554290771484e-01
3.396422266960144043e-01 9.802404791116714478e-02 -5.007695555686950684e-01
4.140318334102630615e-01 5.745876207947731018e-02 4.442580044269561768e-01
-4.001656770706176758e-01 7.945643067359924316e-01 4.291008412837982178e-01
3.097268342971801758e-01 -5.451471209526062012e-01 5.203428268432617188e-01
5.573266148567199707e-01 6.282346844673156738e-01 -2.272430956363677979e-01
6.924687325954437256e-02 5.225335955619812012e-01 1.943646520376205444e-01
5.882392525672912598e-01 -9.318523108959197998e-02 -1.370979994535446167e-01
1.561610996723175049e-01 -7.900546193122863770e-01 -8.378875255584716797e-02
-4.937011897563934326e-01 3.501211404800415039e-01 3.504233658313751221e-01
1.213595122098922729e-01 5.225335955619812012e-01 -1.880539059638977051e-01
1.822872161865234375e-01 -7.900546193122863770e-01 3.768486380577087402e-01
-1.393033713102340698e-01 5.225335955619812012e-01 1.422121524810791016e-01
4.893189668655395508e-01 2.544915676116943359e-01 -3.485998809337615967e-01
-1.741049438714981079e-01 -7.900546193122863770e-01 9.003968536853790283e-02
5.741035565733909607e-02 4.340837299823760986e-01 6.027098894119262695e-01
3.980769813060760498e-01 -2.901681959629058838e-01 4.613097906112670898e-01
-1.765736564993858337e-02 -7.900546193122863770e-01 1.856891959905624390e-01
-3.437252938747406006e-01 1.240604221820831299e-01 5.026926994323730469e-01
5.577254891395568848e-01 5.383887887001037598e-01 2.329555302858352661e-01
3.512094914913177490e-01 3.992821276187896729e-01 4.925215244293212891e-01
5.830538868904113770e-01 -2.366183884441852570e-02 1.579675972461700439e-01
4.604007303714752197e-01 -7.900546193122863770e-01 1.769140064716339111e-01
-2.243628203868865967e-01 3.239950239658355713e-01 5.639195442199707031e-01
3.560957014560699463e-01 -7.900546193122863770e-01 -1.446765810251235962e-01
4.819398224353790283e-01 -3.538880050182342529e-01 -3.589705526828765869e-01
-3.293659090995788574e-01 4.543264806270599365e-01 5.132628679275512695e-01
5.098608732223510742e-01 3.934984803199768066e-01 3.321749866008758545e-01
-1.306279003620147705e-01 -7.900546193122863770e-01 4.811536669731140137e-01
1.996381431818008423e-01 5.225335955619812012e-01 1.180890854448080063e-02
9.511372447013854980e-02 1.588620096445083618e-01 6.002169251441955566e-01
4.169236719608306885e-01 5.225335955619812012e-01 -2.228554934263229370e-01
-2.360298186540603638e-01 6.455855965614318848e-01 5.582356452941894531e-01
5.380810499191284180e-01 7.846922278404235840e-01 -2.756063044071197510e-01
5.690933465957641602e-01 -2.322320342063903809e-01 2.096215188503265381e-01
-2.767148017883300781e-01 -5.364717245101928711e-01 5.382920503616333008e-01
-4.972910284996032715e-01 -4.756436944007873535e-01 3.450385928153991699e-01
2.952677309513092041e-01 5.225335955619812012e-01 3.941995501518249512e-01
5.948206186294555664e-01 -5.277962088584899902e-01 9.774789214134216309e-02
4.549162387847900391e-01 4.021739661693572998e-01 -3.998549580574035645e-01
5.067695975303649902e-01 -7.739999294281005859e-01 3.377591669559478760e-01
6.004047989845275879e-01 6.629365682601928711e-01 -3.983305767178535461e-02
3.205960690975189209e-01 2.225818037986755371e-01 5.134622454643249512e-01
5.579249858856201172e-01 7.944645881652832031e-01 1.859883517026901245e-01
-4.590990245342254639e-01 4.891280531883239746e-01 4.018778502941131592e-01
5.320979952812194824e-01 -5.306880474090576172e-01 2.853074967861175537e-01
9.512370079755783081e-02 -3.018351793289184570e-01 6.002169251441955566e-01
5.965158343315124512e-01 4.978035092353820801e-01 8.938154578208923340e-02
-4.414489567279815674e-01 -1.887549757957458496e-01 4.174338579177856445e-01
-2.595632970333099365e-01 -4.973810166120529175e-02 5.474660992622375488e-01
8.663769811391830444e-02 -7.900546193122863770e-01 -2.141800224781036377e-01
-1.741049438714981079e-01 5.228327512741088867e-01 4.376766085624694824e-01
4.994902014732360840e-01 -6.059750914573669434e-01 -3.329441845417022705e-01
5.935242772102355957e-01 1.415110826492309570e-01 1.062139421701431274e-01
4.460413455963134766e-01 -1.192515268921852112e-01 -4.080318212509155273e-01
3.126186430454254150e-01 -7.900546193122863770e-01 1.682385355234146118e-01
-6.335070356726646423e-04 -6.407766938209533691e-01 6.067983508110046387e-01
3.992736041545867920e-01 -7.899548411369323730e-01 4.461526274681091309e-01
8.283277973532676697e-03 7.944645881652832031e-01 6.009149551391601562e-01
4.082482159137725830e-01 5.228327512741088867e-01 2.551926374435424805e-01
2.361349463462829590e-01 -5.552174523472785950e-02 5.586345195770263672e-01
2.361349463462829590e-01 6.746035218238830566e-01 5.586345195770263672e-01
5.903332829475402832e-01 3.413459360599517822e-01 -1.310151964426040649e-01
5.968149900436401367e-01 -7.450817227363586426e-01 -9.230466932058334351e-02
1.459898650646209717e-01 -7.859661579132080078e-01 5.896468162536621094e-01
-4.735581278800964355e-01 6.629365682601928711e-01 3.350667655467987061e-01
4.975955486297607422e-01 6.513692140579223633e-01 2.982708513736724854e-01
5.642071962356567383e-01 -6.407766938209533691e-01 -2.073992043733596802e-01
5.207300782203674316e-01 2.487079203128814697e-01 3.085418045520782471e-01
-2.636274881660938263e-02 5.232316255569458008e-01 5.159552097320556641e-01
2.952677309513092041e-01 -7.900546193122863770e-01 -4.314655363559722900e-01
-3.132115900516510010e-01 -7.900546193122863770e-01 3.855240941047668457e-01
5.531384944915771484e-01 -3.365370631217956543e-01 -2.394086867570877075e-01
-3.000487983226776123e-01 7.907750010490417480e-01 5.270239114761352539e-01
-4.462354183197021484e-01 2.023390531539916992e-01 4.137443006038665771e-01
3.532038629055023193e-01 -6.313034892082214355e-01 -4.890028238296508789e-01
5.484517216682434082e-01 2.849067933857440948e-02 -2.532694637775421143e-01
-4.087414145469665527e-01 5.225335955619812012e-01 2.551926374435424805e-01
3.995727300643920898e-01 -7.900546193122863770e-01 -2.750079929828643799e-01
3.626770675182342529e-01 4.631016552448272705e-01 -4.808259606361389160e-01
5.796634554862976074e-01 7.759169936180114746e-01 3.789713233709335327e-02
-8.838734775781631470e-02 6.369101405143737793e-01 5.737916827201843262e-01
3.563948273658752441e-01 -4.205993413925170898e-01 4.889316558837890625e-01
6.004047989845275879e-01 -4.669682085514068604e-01 -3.983305767178535461e-02
-7.841555029153823853e-02 3.934984803199768066e-01 6.014136075973510742e-01
1.213595122098922729e-01 -7.900546193122863770e-01 4.658257216215133667e-02
4.870254397392272949e-01 -2.786009013652801514e-01 3.605946004390716553e-01
-3.673584461212158203e-01 -4.060405194759368896e-01 4.824499785900115967e-01
-1.956440210342407227e-01 -2.583581507205963135e-01 5.779798030853271484e-01
4.992907345294952393e-01 2.558888681232929230e-02 3.465343415737152100e-01
3.626770675182342529e-01 6.629365682601928711e-01 -4.808259606361389160e-01
5.980116128921508789e-01 1.588620096445083618e-01 -7.503350824117660522e-02
4.168239533901214600e-01 5.230321288108825684e-01 -6.642784178256988525e-02
-1.895612329244613647e-01 -7.189556360244750977e-01 5.797747373580932617e-01
-4.905101954936981201e-01 2.849067933857440948e-02 3.551100790500640869e-01
4.690761864185333252e-01 -7.900546193122863770e-01 4.658257216215133667e-02
-4.330483451485633850e-02 1.328355967998504639e-01 6.084935665130615234e-01
3.563948273658752441e-01 5.876494646072387695e-01 4.889316558837890625e-01
5.992081761360168457e-01 -6.639112830162048340e-01 7.506203651428222656e-02
2.421180307865142822e-01 -1.974304318428039551e-01 5.566402077674865723e-01
4.368672966957092285e-01 1.327358931303024292e-01 -4.161089658737182617e-01
6.004047989845275879e-01 -2.322320342063903809e-01 -3.983305767178535461e-02
-1.385056227445602417e-01 -3.233730792999267578e-02 5.897465348243713379e-01
-2.475971132516860962e-01 1.936635822057723999e-01 5.525517463684082031e-01
5.903332829475402832e-01 3.718608990311622620e-02 -1.311149299144744873e-01
5.777688026428222656e-01 -2.148810923099517822e-01 -1.693069338798522949e-01
4.425511956214904785e-01 -9.030338376760482788e-02 4.115504920482635498e-01
-3.293659090995788574e-01 -6.581276655197143555e-01 5.132628679275512695e-01
2.161913365125656128e-01 -6.146506071090698242e-01 5.655151009559631348e-01
4.721674621105194092e-01 6.803871989250183105e-01 -3.282574117183685303e-01
6.054904460906982422e-01 -3.538880050182342529e-01 2.932138554751873016e-02
4.466396272182464600e-01 6.948463320732116699e-01 4.069634675979614258e-01
-2.657215669751167297e-02 -2.757090926170349121e-01 6.088924407958984375e-01
3.811249136924743652e-01 -3.234728053212165833e-02 -4.646716415882110596e-01
1.338242590427398682e-01 -4.177075326442718506e-01 5.937352776527404785e-01
-1.306279003620147705e-01 5.225335955619812012e-01 2.049634233117103577e-02
-1.306279003620147705e-01 -7.900546193122863770e-01 3.508222103118896484e-01
5.793643593788146973e-01 2.544915676116943359e-01 1.765151321887969971e-01
-1.385056227445602417e-01 -4.756436944007873535e-01 5.897465348243713379e-01
1.710433140397071838e-02 -7.900546193122863770e-01 4.811536669731140137e-01
4.041597843170166016e-01 -3.886895775794982910e-01 -4.446283280849456787e-01
5.205307006835937500e-01 5.326051115989685059e-01 -3.016327023506164551e-01
3.512094914913177490e-01 -6.610195040702819824e-01 4.925215244293212891e-01
1.459898650646209717e-01 1.980524137616157532e-02 5.896468162536621094e-01
5.434658527374267578e-01 -3.365370631217956543e-01 2.620731890201568604e-01
4.690761864185333252e-01 -7.900546193122863770e-01 -1.098749861121177673e-01
-2.636274881660938263e-02 5.225335955619812012e-01 1.074105575680732727e-01
-4.135279059410095215e-01 -7.450817227363586426e-01 4.418647587299346924e-01
8.660778403282165527e-02 5.228327512741088867e-01 4.658257216215133667e-02
3.357532322406768799e-01 -6.286973599344491959e-03 5.028921961784362793e-01
-2.957609295845031738e-01 -7.900546193122863770e-01 1.508876085281372070e-01
6.050915718078613281e-01 3.761475384235382080e-01 4.604409635066986084e-02
8.662772178649902344e-02 5.225335955619812012e-01 4.898291230201721191e-01
2.886863052845001221e-01 7.938662767410278320e-01 5.343033671379089355e-01
1.482833772897720337e-01 5.934330821037292480e-01 5.621246695518493652e-01
8.017030544579029083e-03 -1.366024613380432129e-01 6.061999797821044922e-01
5.794640183448791504e-01 -7.897554039955139160e-01 1.584661751985549927e-01
5.484517216682434082e-01 2.979686260223388672e-01 -2.532694637775421143e-01
-4.371368139982223511e-02 5.227329730987548828e-01 2.203910499811172485e-01
-3.293659090995788574e-01 -3.018351793289184570e-01 5.132628679275512695e-01
5.772702693939208984e-01 5.326051115989685059e-01 -1.692072153091430664e-01
4.317062348127365112e-02 5.225335955619812012e-01 3.160206377506256104e-01
6.033963561058044434e-01 -6.710898131132125854e-02 3.411655314266681671e-03
1.648365706205368042e-01 5.225335955619812012e-01 2.551926374435424805e-01
5.506455302238464355e-01 -9.319521486759185791e-02 -2.470869719982147217e-01
3.485171198844909668e-01 -5.183230042457580566e-01 -4.930912852287292480e-01
4.318059235811233521e-02 -7.900546193122863770e-01 -1.098749861121177673e-01
2.951679825782775879e-01 5.225335955619812012e-01 -2.315309643745422363e-01
-4.330483451485633850e-02 -5.364717245101928711e-01 6.084935665130615234e-01
4.994902014732360840e-01 -7.624326944351196289e-01 -3.329441845417022705e-01
4.224081933498382568e-01 -4.987782835960388184e-01 4.352833926677703857e-01
2.300521582365036011e-01 -4.785355329513549805e-01 5.607286095619201660e-01
4.611984789371490479e-01 -2.496826648712158203e-01 -3.904814422130584717e-01
-3.305625319480895996e-01 5.228327512741088867e-01 4.116502106189727783e-01
1.040085703134536743e-01 -7.900546193122863770e-01 2.986697256565093994e-01
4.828372895717620850e-01 1.617538183927536011e-01 3.653810620307922363e-01
1.200631782412528992e-01 -6.581276655197143555e-01 5.985217690467834473e-01
3.647711873054504395e-01 5.225335955619812012e-01 -3.793130517005920410e-01
-3.653641045093536377e-01 -7.900546193122863770e-01 2.899942398071289062e-01
-4.730595350265502930e-01 -6.668031215667724609e-01 3.811365067958831787e-01
4.024645686149597168e-01 1.646456420421600342e-01 4.580190777778625488e-01
-2.999490797519683838e-01 5.586314797401428223e-01 5.269242525100708008e-01
1.561610996723175049e-01 -7.900546193122863770e-01 4.811536669731140137e-01
-1.303287446498870850e-01 2.023390531539916992e-01 5.916411876678466797e-01
2.300521582365036011e-01 3.993818163871765137e-01 5.607286095619201660e-01
6.336351484060287476e-02 3.268868327140808105e-01 6.023110151290893555e-01
5.839513540267944336e-01 -4.495175778865814209e-01 -1.509588062763214111e-01
-4.041544198989868164e-01 4.109491407871246338e-01 4.500416219234466553e-01
-3.301636278629302979e-01 6.897606849670410156e-01 5.132628679275512695e-01
-1.116814762353897095e-01 -7.895559668540954590e-01 5.948321819305419922e-01
1.707441546022891998e-02 5.228327512741088867e-01 -1.620275080204010010e-01
3.299695849418640137e-01 5.225335955619812012e-01 -5.573934409767389297e-03
4.425511956214904785e-01 4.138409495353698730e-01 4.115504920482635498e-01
2.952677309513092041e-01 -7.900546193122863770e-01 3.941995501518249512e-01
7.648640125989913940e-02 7.143909931182861328e-01 5.761848688125610352e-01
4.994902014732360840e-01 1.501865386962890625e-01 -3.329441845417022705e-01
2.691416144371032715e-01 5.225335955619812012e-01 -4.401410222053527832e-01
5.065701603889465332e-01 -4.495175778865814209e-01 -3.223740756511688232e-01
2.169890850782394409e-01 -7.900546193122863770e-01 9.003968536853790283e-02
-1.654294729232788086e-01 5.228327512741088867e-01 2.898945212364196777e-01
2.344397455453872681e-01 -7.900546193122863770e-01 -1.620275080204010010e-01
3.039431571960449219e-01 5.225335955619812012e-01 2.898945212364196777e-01
1.909626871347427368e-01 5.225335955619812012e-01 1.160860285162925720e-01
5.124534964561462402e-01 5.228327512741088867e-01 3.119481727480888367e-03
4.140318334102630615e-01 -1.858631670475006104e-01 4.442580044269561768e-01
5.948206186294555664e-01 -2.757090926170349121e-01 9.774789214134216309e-02
1.213595122098922729e-01 -7.900546193122863770e-01 -3.184850513935089111e-01
-3.293659090995788574e-01 1.979527063667774200e-02 5.132628679275512695e-01
5.126529932022094727e-01 -6.281125545501708984e-01 3.265907466411590576e-01
3.968803584575653076e-01 7.923705577850341797e-01 4.259098768234252930e-01
5.634094476699829102e-01 6.745038628578186035e-01 2.212885171175003052e-01
5.817575454711914062e-01 -1.308188140392303467e-01 1.643495261669158936e-01
3.151116073131561279e-01 4.949117004871368408e-01 5.167529582977294922e-01
-5.148413777351379395e-01 2.544915676116943359e-01 3.190121948719024658e-01
5.763728022575378418e-01 -4.929946362972259521e-01 1.923702955245971680e-01
2.951679825782775879e-01 5.230321288108825684e-01 9.871514886617660522e-02
-9.587617218494415283e-02 -7.900546193122863770e-01 2.551926374435424805e-01
2.344397455453872681e-01 -7.900546193122863770e-01 -1.425538491457700729e-02
5.491497516632080078e-01 1.690344698727130890e-02 2.504061758518218994e-01
3.294709920883178711e-01 2.030370682477951050e-01 -5.071515440940856934e-01
-2.262574732303619385e-01 -7.900546193122863770e-01 4.376766085624694824e-01
5.835524797439575195e-01 6.890626549720764160e-01 -1.508591026067733765e-01
3.540016114711761475e-01 7.939659953117370605e-01 -4.875070750713348389e-01
-2.301464676856994629e-01 4.369755089282989502e-01 5.611274838447570801e-01
-3.814187049865722656e-01 -1.279270052909851074e-01 4.704838395118713379e-01
-3.950800895690917969e-01 6.897606849670410156e-01 4.243144094944000244e-01
3.251831233501434326e-01 -2.264483869075775146e-01 5.099721550941467285e-01
-5.151162669062614441e-02 4.891280531883239746e-01 6.067983508110046387e-01
-4.762505292892456055e-01 7.585661411285400391e-01 3.764497339725494385e-01
-2.523835897445678711e-01 5.225335955619812012e-01 2.030401229858398438e-01
1.474856436252593994e-01 5.225335955619812012e-01 -3.098095953464508057e-01
1.996381431818008423e-01 5.225335955619812012e-01 4.550275504589080811e-01
4.182200133800506592e-01 2.283654659986495972e-01 -4.322632849216461182e-01
5.491497516632080078e-01 -7.566490769386291504e-01 2.504061758518218994e-01
5.796634554862976074e-01 6.021085977554321289e-01 3.789713233709335327e-02
-1.117811948060989380e-01 -3.278616070747375488e-01 5.949319005012512207e-01
5.187600478529930115e-02 -7.900546193122863770e-01 1.160860285162925720e-01
3.485171198844909668e-01 5.594292283058166504e-01 -4.930912852287292480e-01
3.044417500495910645e-01 3.182114064693450928e-01 5.241320729255676270e-01
-4.367622137069702148e-01 -4.756436944007873535e-01 4.215223193168640137e-01
5.861451625823974609e-01 2.283654659986495972e-01 -1.431808024644851685e-01
4.230064749717712402e-01 -5.972996950149536133e-01 -4.281748533248901367e-01
4.864271283149719238e-01 5.225335955619812012e-01 -1.359013915061950684e-01
-9.587617218494415283e-02 -7.900546193122863770e-01 -3.163623437285423279e-02
-8.724059909582138062e-02 5.228327512741088867e-01 -1.098749861121177673e-01
8.663769811391830444e-02 -7.900546193122863770e-01 3.941995501518249512e-01
-3.995673954486846924e-01 -2.670336365699768066e-01 4.540303647518157959e-01
-2.175819873809814453e-01 5.228327512741088867e-01 7.263889163732528687e-02
-7.850529253482818604e-02 5.225335955619812012e-01 4.290011525154113770e-01
2.361349463462829590e-01 2.225818037986755371e-01 5.586345195770263672e-01
-1.956440210342407227e-01 -1.453776508569717407e-01 5.779798030853271484e-01
3.718511462211608887e-01 -1.366024613380432129e-01 -4.727488160133361816e-01
-4.043538570404052734e-01 7.194778323173522949e-02 4.502410888671875000e-01
5.434658527374267578e-01 3.326705098152160645e-01 2.620731890201568604e-01
-5.111518502235412598e-01 4.717771112918853760e-01 3.243969678878784180e-01
-1.615404635667800903e-01 6.977381706237792969e-01 5.851595401763916016e-01
4.368672966957092285e-01 6.803871989250183105e-01 -4.161089658737182617e-01
-2.475971132516860962e-01 -6.321012973785400391e-01 5.525517463684082031e-01
-9.500862658023834229e-02 5.456693843007087708e-02 5.982226133346557617e-01
5.724837779998779297e-01 4.283000528812408447e-01 -1.830680072307586670e-01
-7.229286432266235352e-02 -7.016046643257141113e-01 6.026101708412170410e-01
3.734466135501861572e-01 5.228327512741088867e-01 1.508876085281372070e-01
2.604661285877227783e-01 -7.900546193122863770e-01 2.465171813964843750e-01
5.125532150268554688e-01 5.228327512741088867e-01 1.247614994645118713e-01
-9.267091751098632812e-03 6.890626549720764160e-01 6.075960397720336914e-01
3.438303768634796143e-01 -7.442839741706848145e-01 -4.971797168254852295e-01
5.235222578048706055e-01 4.862362146377563477e-01 3.027581572532653809e-01
-4.694696962833404541e-01 5.847576260566711426e-01 3.863218426704406738e-01
5.033792257308959961e-01 -5.844348296523094177e-02 -3.277588486671447754e-01
5.272117853164672852e-01 -6.842537522315979004e-01 -2.916609048843383789e-01
1.399070620536804199e-01 4.746689498424530029e-01 5.916411876678466797e-01
4.262217134237289429e-02 -4.843191504478454590e-01 6.038067936897277832e-01
1.301347017288208008e-01 5.225335955619812012e-01 -4.902705550193786621e-02
3.303684592247009277e-01 -3.336452543735504150e-01 5.064820051193237305e-01
2.636570930480957031e-01 5.956268906593322754e-01 5.207417011260986328e-01
5.772702693939208984e-01 -5.538225769996643066e-01 -1.692072153091430664e-01
3.980769813060760498e-01 4.746689498424530029e-01 4.613097906112670898e-01
-1.385056227445602417e-01 3.153195679187774658e-01 5.900456905364990234e-01
5.295053124427795410e-01 -4.205993413925170898e-01 2.912905812263488770e-01
5.793643593788146973e-01 4.717771112918853760e-01 1.765151321887969971e-01
6.004047989845275879e-01 4.021739661693572998e-01 -3.983305767178535461e-02
1.996381431818008423e-01 5.228327512741088867e-01 -2.315309643745422363e-01
-2.745221718214452267e-04 -7.900546193122863770e-01 -1.880539059638977051e-01
3.212940990924835205e-01 -7.900546193122863770e-01 4.898291230201721191e-01
3.150118589401245117e-01 9.512224793434143066e-02 5.167529582977294922e-01
5.992081761360168457e-01 5.314219743013381958e-03 7.506203651428222656e-02
4.707714021205902100e-01 -5.480389595031738281e-01 3.791421353816986084e-01
-3.532982170581817627e-01 -4.929946362972259521e-01 4.947153031826019287e-01
4.994902014732360840e-01 3.413459360599517822e-01 -3.329441845417022705e-01
-4.522185027599334717e-01 -7.900546193122863770e-01 2.725436091423034668e-01
5.385797023773193359e-01 -7.900546193122863770e-01 -1.425538491457700729e-02
3.294709920883178711e-01 3.855210542678833008e-01 -5.071515440940856934e-01
6.042938232421875000e-01 -5.451471209526062012e-01 1.201931387186050415e-02
4.506283700466156006e-01 -7.335144281387329102e-01 4.023764431476593018e-01
1.120857372879981995e-01 2.458161115646362305e-01 5.994191765785217285e-01
-3.577855229377746582e-01 2.110145241022109985e-01 4.904274344444274902e-01
5.124778300523757935e-02 -7.189556360244750977e-01 6.032084822654724121e-01
5.146473050117492676e-01 7.469987869262695312e-01 2.633695304393768311e-01
2.865922451019287109e-01 -7.900546193122863770e-01 -3.445114493370056152e-01
-8.719073981046676636e-02 -7.900546193122863770e-01 8.135424554347991943e-02
2.083136141300201416e-01 5.228327512741088867e-01 -1.098749861121177673e-01
6.334356963634490967e-02 -2.206647396087646484e-01 6.027098894119262695e-01
1.459898650646209717e-01 -6.711895018815994263e-02 5.896468162536621094e-01
2.865922451019287109e-01 -7.900546193122863770e-01 -8.378875255584716797e-02
-1.914558708667755127e-01 -7.900546193122863770e-01 1.856891959905624390e-01
-4.730595350265502930e-01 -5.799487233161926270e-01 3.811365067958831787e-01
-4.414489567279815674e-01 3.326705098152160645e-01 4.174338579177856445e-01
5.491497516632080078e-01 -7.001076638698577881e-02 2.504061758518218994e-01
-4.834302067756652832e-01 -5.842353776097297668e-02 3.656801879405975342e-01
3.578906059265136719e-01 -3.278616070747375488e-01 -4.849143922328948975e-01
3.995727300643920898e-01 -7.900546193122863770e-01 1.160860285162925720e-01
-6.980989128351211548e-02 -7.900546193122863770e-01 4.203256666660308838e-01
5.980116128921508789e-01 -1.540531069040298462e-01 -7.503350824117660522e-02
-5.987796559929847717e-02 -8.449979871511459351e-02 6.051030755043029785e-01
-7.485561817884445190e-02 7.505886554718017578e-01 5.763843059539794922e-01
6.017011404037475586e-01 -4.321666359901428223e-01 6.263717263936996460e-02
-2.186788916587829590e-01 -4.581930339336395264e-01 5.671105384826660156e-01
5.124534964561462402e-01 -2.033138126134872437e-01 3.261918723583221436e-01
5.523407459259033203e-01 2.023390531539916992e-01 2.447222620248794556e-01
5.472550988197326660e-01 -7.900546193122863770e-01 -1.446765810251235962e-01
4.088464975357055664e-01 5.992167592048645020e-01 4.117499291896820068e-01
4.303856194019317627e-01 -3.597713708877563477e-01 4.260096251964569092e-01
5.387790799140930176e-01 7.412151694297790527e-01 -2.036099284887313843e-01
3.948859870433807373e-01 3.761475384235382080e-01 -4.527055025100708008e-01
5.932251214981079102e-01 2.979686260223388672e-01 1.061142235994338989e-01
-4.762505292892456055e-01 1.328355967998504639e-01 3.764497339725494385e-01
1.979429423809051514e-01 -2.670336365699768066e-01 5.717973113059997559e-01
5.863445401191711426e-01 -6.146506071090698242e-01 1.412149667739868164e-01
3.858116567134857178e-01 6.021085977554321289e-01 -4.269782602787017822e-01
4.323045536875724792e-02 5.321065187454223633e-01 5.775809288024902344e-01
4.994902014732360840e-01 4.456509947776794434e-01 -3.329441845417022705e-01
-2.262574732303619385e-01 5.225335955619812012e-01 5.158554911613464355e-01
5.863445401191711426e-01 5.847576260566711426e-01 1.412149667739868164e-01
5.444629788398742676e-01 -5.799487233161926270e-01 -2.647370398044586182e-01
5.749767422676086426e-01 5.760821104049682617e-01 -4.048122465610504150e-02
5.847491025924682617e-01 7.195775955915451050e-02 1.495912671089172363e-01
4.342746138572692871e-01 -7.900546193122863770e-01 2.812190651893615723e-01
1.709436066448688507e-02 5.225335955619812012e-01 3.941995501518249512e-01
5.989090204238891602e-01 -1.496642827987670898e-02 -6.057440117001533508e-02
3.821220993995666504e-01 5.233313441276550293e-01 3.941995501518249512e-01
1.536681503057479858e-01 6.716120243072509766e-01 5.869544744491577148e-01
-5.241905897855758667e-02 -7.900546193122863770e-01 5.246306657791137695e-01
3.212940990924835205e-01 5.232316255569458008e-01 -3.098095953464508057e-01
5.187600478529930115e-02 -7.900546193122863770e-01 2.290665358304977417e-01
-3.058324456214904785e-01 3.326705098152160645e-01 5.240324139595031738e-01
5.532382130622863770e-01 4.898260533809661865e-01 -2.403061538934707642e-01
-1.219524368643760681e-01 5.225335955619812012e-01 5.159552097320556641e-01
1.277414709329605103e-01 3.934984803199768066e-01 5.962282419204711914e-01
3.980769813060760498e-01 -3.815086930990219116e-02 4.613097906112670898e-01
3.825209438800811768e-01 -5.596062541007995605e-01 4.717801809310913086e-01
5.133510231971740723e-01 7.193781435489654541e-02 -3.123025298118591309e-01
2.890851795673370361e-01 -4.177075326442718506e-01 5.343033671379089355e-01
-3.625719845294952393e-01 5.239296555519104004e-01 4.862392842769622803e-01
6.004047989845275879e-01 7.844928503036499023e-01 -3.983305767178535461e-02
6.934659183025360107e-02 -4.104268923401832581e-02 6.019121408462524414e-01
6.934659183025360107e-02 6.325237452983856201e-02 6.019121408462524414e-01
-1.616401970386505127e-01 4.021739661693572998e-01 5.854586362838745117e-01
5.781676769256591797e-01 1.501865386962890625e-01 1.847917288541793823e-01
3.948859870433807373e-01 4.587152972817420959e-02 -4.527055025100708008e-01
4.082482159137725830e-01 -7.900546193122863770e-01 -5.771249160170555115e-02
-1.827804148197174072e-01 -7.900546193122863770e-01 5.419816374778747559e-01
-1.552582383155822754e-01 -3.973650634288787842e-01 5.864558219909667969e-01
-2.523835897445678711e-01 5.225335955619812012e-01 3.941995501518249512e-01
6.039946675300598145e-01 1.240604221820831299e-01 1.206219196319580078e-02
-3.479134440422058105e-01 -7.900546193122863770e-01 4.724781811237335205e-01
5.030800700187683105e-01 -2.757090926170349121e-01 -3.275594115257263184e-01
4.856294095516204834e-01 7.946640253067016602e-01 -3.442122936248779297e-01
5.916296243667602539e-01 7.585661411285400391e-01 1.144905388355255127e-01
5.548336505889892578e-01 -1.598367542028427124e-01 2.387391775846481323e-01
4.788485765457153320e-01 6.021085977554321289e-01 -3.182856142520904541e-01
-2.651475071907043457e-01 9.802404791116714478e-02 5.442751049995422363e-01
5.415711998939514160e-01 2.023390531539916992e-01 -2.705206871032714844e-01
-1.034048795700073242e-01 5.586314797401428223e-01 5.966271162033081055e-01
4.322802722454071045e-01 -3.191861212253570557e-01 -4.200977087020874023e-01
2.049231976270675659e-01 -1.291235983371734619e-01 5.698029398918151855e-01
5.098608732223510742e-01 5.673069953918457031e-01 3.321749866008758545e-01
4.081484973430633545e-01 5.225335955619812012e-01 -1.446765810251235962e-01
3.212940990924835205e-01 -7.900546193122863770e-01 -2.576570510864257812e-01
-2.175819873809814453e-01 -7.900546193122863770e-01 3.594976961612701416e-01
2.431152164936065674e-01 -7.900546193122863770e-01 4.811536669731140137e-01
5.506455302238464355e-01 -4.234911799430847168e-01 -2.470869719982147217e-01
4.466396272182464600e-01 -9.182783775031566620e-03 4.069634675979614258e-01
-3.995673954486846924e-01 -6.581276655197143555e-01 4.540303647518157959e-01
-4.367622137069702148e-01 -1.019005849957466125e-01 4.215223193168640137e-01
6.039946675300598145e-01 -7.189556360244750977e-01 1.206219196319580078e-02
5.934245586395263672e-01 2.196899801492691040e-01 1.062139421701431274e-01
4.549162387847900391e-01 3.239950239658355713e-01 -3.998549580574035645e-01
-3.173997402191162109e-01 -1.105760633945465088e-01 5.183484554290771484e-01
-4.834302067756652832e-01 -3.973650634288787842e-01 3.656801879405975342e-01
4.429500699043273926e-01 5.233313441276550293e-01 -3.010343909263610840e-01
2.101085335016250610e-01 -6.987128853797912598e-01 5.676091313362121582e-01
5.960172414779663086e-01 4.369755089282989502e-01 -1.092766746878623962e-01
5.634094476699829102e-01 -4.205993413925170898e-01 2.212885171175003052e-01
-1.219524368643760681e-01 -7.900546193122863770e-01 1.508876085281372070e-01
-2.302461862564086914e-01 7.906752824783325195e-01 5.611274838447570801e-01
1.795948296785354614e-01 1.415110826492309570e-01 5.782789587974548340e-01
-4.834302067756652832e-01 -1.453776508569717407e-01 3.656801879405975342e-01
4.828372895717620850e-01 2.920852601528167725e-01 3.653810620307922363e-01
4.819398224353790283e-01 -5.277962088584899902e-01 -3.589705526828765869e-01
-2.592641413211822510e-01 -7.189556360244750977e-01 5.468677878379821777e-01
-2.069121748208999634e-01 5.760821104049682617e-01 5.724953413009643555e-01
-1.956440210342407227e-01 2.544915676116943359e-01 5.779798030853271484e-01
4.230064749717712402e-01 5.152541399002075195e-01 -4.281748533248901367e-01
3.824212551116943359e-01 2.920852601528167725e-01 4.714810252189636230e-01
4.864271283149719238e-01 5.233313441276550293e-01 2.117155790328979492e-01
5.067695975303649902e-01 -4.785355329513549805e-01 3.377591669559478760e-01
5.947209000587463379e-01 5.847576260566711426e-01 -1.172541156411170959e-01
2.842987179756164551e-01 -1.170577332377433777e-01 5.378931760787963867e-01
2.944699525833129883e-01 -6.292094588279724121e-01 5.307134985923767090e-01
5.916296243667602539e-01 -7.276310920715332031e-01 1.144905388355255127e-01
4.855296611785888672e-01 -1.887549757957458496e-01 -3.535857796669006348e-01
5.948206186294555664e-01 -6.710898131132125854e-02 9.774789214134216309e-02
5.932251214981079102e-01 4.196245968341827393e-01 1.061142235994338989e-01
3.907975554466247559e-01 -7.900546193122863770e-01 -4.227900803089141846e-01
3.345566093921661377e-01 -7.580438256263732910e-02 -5.042597651481628418e-01
6.039946675300598145e-01 5.152541399002075195e-01 1.206219196319580078e-02
-1.654294729232788086e-01 -7.900546193122863770e-01 1.181788370013237000e-02
-3.913905024528503418e-01 5.225335955619812012e-01 3.681731820106506348e-01
2.256645560264587402e-01 5.225335955619812012e-01 2.986697256565093994e-01
1.648365706205368042e-01 -7.900546193122863770e-01 -2.576570510864257812e-01
4.734638035297393799e-01 7.267560958862304688e-01 3.375597298145294189e-01
5.745778679847717285e-01 -3.134025037288665771e-01 1.984530836343765259e-01
1.301347017288208008e-01 -7.900546193122863770e-01 1.247614994645118713e-01
4.262217134237289429e-02 -5.711735486984252930e-01 6.038067936897277832e-01
1.301347017288208008e-01 -7.900546193122863770e-01 -1.533520370721817017e-01
-5.241905897855758667e-02 5.225335955619812012e-01 3.788716346025466919e-02
1.667554490268230438e-02 1.762129366397857666e-01 6.059008836746215820e-01
5.954189300537109375e-01 -6.754785776138305664e-01 -1.173538342118263245e-01
5.642071962356567383e-01 -3.234728053212165833e-02 -2.073992043733596802e-01
2.497963160276412964e-01 1.979527063667774200e-02 5.540475249290466309e-01
-4.730595350265502930e-01 4.196245968341827393e-01 3.811365067958831787e-01
-4.874189496040344238e-01 5.934330821037292480e-01 3.144251704216003418e-01
3.858116567134857178e-01 7.325397133827209473e-01 -4.269782602787017822e-01
6.056898832321166992e-01 -2.322320342063903809e-01 3.771764039993286133e-02
4.680790305137634277e-01 -4.234911799430847168e-01 -3.796121776103973389e-01
-4.373362287878990173e-02 -7.900546193122863770e-01 -8.378875255584716797e-02
-4.694696962833404541e-01 -2.670336365699768066e-01 3.863218426704406738e-01
-2.709311544895172119e-01 -2.670336365699768066e-01 5.411838889122009277e-01
-2.419131994247436523e-01 -1.975301653146743774e-01 5.557426810264587402e-01
-9.298004209995269775e-03 3.326705098152160645e-01 6.073966622352600098e-01
2.238696366548538208e-01 7.760167717933654785e-01 5.629224181175231934e-01
-3.486114740371704102e-01 7.412151694297790527e-01 4.648996293544769287e-01
-1.895612329244613647e-01 1.588620096445083618e-01 5.797747373580932617e-01
5.243199467658996582e-01 -3.713386356830596924e-01 -2.965470850467681885e-01
4.587055146694183350e-01 -1.598367542028427124e-01 3.931026458740234375e-01
4.384627640247344971e-01 3.413459360599517822e-01 4.162372350692749023e-01
-2.999490797519683838e-01 2.370409220457077026e-01 5.269242525100708008e-01
5.573266148567199707e-01 -7.102801203727722168e-01 -2.272430956363677979e-01
5.791648626327514648e-01 6.977381706237792969e-01 2.007752656936645508e-02
-2.010288089513778687e-01 -5.277962088584899902e-01 5.752874612808227539e-01
-4.174169003963470459e-01 -7.900546193122863770e-01 3.855240941047668457e-01
5.463576912879943848e-01 6.136758327484130859e-01 2.561898529529571533e-01
-2.941654324531555176e-01 -4.669682085514068604e-01 5.298159718513488770e-01
5.577254891395568848e-01 -5.915160179138183594e-01 2.329555302858352661e-01
-3.811195492744445801e-01 -3.365370631217956543e-01 4.700849950313568115e-01
5.136501193046569824e-01 -1.279270052909851074e-01 -3.124022483825683594e-01
2.676458358764648438e-01 1.588620096445083618e-01 5.478649735450744629e-01
5.580246448516845703e-01 4.254082441329956055e-01 2.330552488565444946e-01
4.064532816410064697e-01 6.571528911590576172e-01 4.540303647518157959e-01
8.659781515598297119e-02 5.228327512741088867e-01 1.247614994645118713e-01
-4.182146191596984863e-01 5.499560236930847168e-01 4.377763271331787109e-01
4.614976048469543457e-01 6.165676712989807129e-01 3.513208329677581787e-01
2.169890850782394409e-01 5.225335955619812012e-01 3.855240941047668457e-01
1.996381431818008423e-01 -7.900546193122863770e-01 3.073451817035675049e-01
5.317987799644470215e-01 -2.590561807155609131e-01 2.858060598373413086e-01
-2.657215669751167297e-02 -4.668685197830200195e-01 6.088924407958984375e-01
3.811249136924743652e-01 -6.929292678833007812e-01 -4.646716415882110596e-01
2.843984365463256836e-01 6.658283472061157227e-01 5.068809390068054199e-01
4.182200133800506592e-01 -1.800795048475265503e-01 -4.322632849216461182e-01
3.345566093921661377e-01 7.237645387649536133e-01 -5.042597651481628418e-01
4.026640057563781738e-01 -6.958210468292236328e-01 4.583182334899902344e-01
5.861451625823974609e-01 1.415110826492309570e-01 -1.431808024644851685e-01
-1.303287446498870850e-01 1.153849512338638306e-01 5.916411876678466797e-01
-4.683727920055389404e-01 5.281177759170532227e-01 3.332718610763549805e-01
-4.043538570404052734e-01 2.458161115646362305e-01 4.503408074378967285e-01
5.102597475051879883e-01 6.629365682601928711e-01 -2.715178728103637695e-01
5.985101461410522461e-01 -5.364717245101928711e-01 -6.656745076179504395e-02
-4.911085069179534912e-01 7.412151694297790527e-01 3.090403974056243896e-01
4.425511956214904785e-01 1.269522458314895630e-01 4.115504920482635498e-01
-3.625719845294952393e-01 -5.842353776097297668e-02 4.862392842769622803e-01
4.547168016433715820e-01 7.643497586250305176e-01 3.976897001266479492e-01
2.256645560264587402e-01 -7.900546193122863770e-01 -3.793130517005920410e-01
3.626770675182342529e-01 -4.321666359901428223e-01 -4.808259606361389160e-01
1.710433140397071838e-02 -7.900546193122863770e-01 2.899942398071289062e-01
2.534103952348232269e-02 2.458161115646362305e-01 6.053025722503662109e-01
-2.591401711106300354e-02 5.499560236930847168e-01 5.831651687622070312e-01
3.396422266960144043e-01 1.110783591866493225e-02 -5.007695555686950684e-01
5.185605958104133606e-02 5.225335955619812012e-01 -1.011995151638984680e-01
5.037781000137329102e-01 5.228327512741088867e-01 -6.640790402889251709e-02
-1.306279003620147705e-01 5.225335955619812012e-01 3.681731820106506348e-01
2.431152164936065674e-01 -7.900546193122863770e-01 1.595630794763565063e-01
2.865922451019287109e-01 -7.900546193122863770e-01 3.246960937976837158e-01
-3.393377065658569336e-01 5.228327512741088867e-01 2.638681232929229736e-01
4.469388127326965332e-01 -2.351238429546356201e-01 4.071629047393798828e-01
5.974132418632507324e-01 2.631670534610748291e-01 -8.367905765771865845e-02
-2.652472257614135742e-01 1.979527063667774200e-02 5.444746017456054688e-01
-3.233828246593475342e-01 -7.276310920715332031e-01 5.158554911613464355e-01
5.796634554862976074e-01 -2.843845486640930176e-01 -1.632241308689117432e-01
3.418360352516174316e-01 7.906752824783325195e-01 4.684894680976867676e-01
4.864271283149719238e-01 5.225335955619812012e-01 -2.055045515298843384e-01
5.207300782203674316e-01 1.791047602891921997e-01 3.085418045520782471e-01
1.561610996723175049e-01 -7.900546193122863770e-01 -1.425538491457700729e-02
1.711430400609970093e-02 5.225335955619812012e-01 3.788716346025466919e-02
5.971141457557678223e-01 7.237645387649536133e-01 -9.232461452484130859e-02
4.644891917705535889e-01 4.804525971412658691e-01 -3.848972320556640625e-01
3.251831233501434326e-01 -4.785355329513549805e-01 5.099721550941467285e-01
-3.534976541996002197e-01 -5.618000626564025879e-01 4.948150217533111572e-01
4.255991578102111816e-01 5.225335955619812012e-01 3.333715796470642090e-01
2.161913365125656128e-01 -5.451471209526062012e-01 5.655151009559631348e-01
4.262217134237289429e-02 -3.452125191688537598e-01 6.038067936897277832e-01
-4.555091857910156250e-01 6.325237452983856201e-02 4.060660004615783691e-01
5.149465203285217285e-01 -3.524907305836677551e-02 3.202087879180908203e-01
-7.846540957689285278e-02 -2.322320342063903809e-01 6.018124222755432129e-01
3.303684592247009277e-01 -7.247392535209655762e-01 5.064820051193237305e-01
2.621613442897796631e-01 -2.641417980194091797e-01 5.497596263885498047e-01
8.663769811391830444e-02 -7.900546193122863770e-01 -5.771249160170555115e-02
9.529321640729904175e-02 5.230321288108825684e-01 2.725436091423034668e-01
5.863445401191711426e-01 -4.495175778865814209e-01 1.412149667739868164e-01
6.024988889694213867e-01 -3.018351793289184570e-01 -1.392631419003009796e-02
-2.082085013389587402e-01 7.237645387649536133e-01 5.436768531799316406e-01
-4.087414145469665527e-01 4.804525971412658691e-01 4.459531903266906738e-01
5.067695975303649902e-01 -3.742304742336273193e-01 3.377591669559478760e-01
-4.730595350265502930e-01 2.544915676116943359e-01 3.811365067958831787e-01
6.336351484060287476e-02 -4.205993413925170898e-01 6.023110151290893555e-01
4.087468087673187256e-01 2.979686260223388672e-01 -4.405398964881896973e-01
4.466396272182464600e-01 1.994472444057464600e-01 4.069634675979614258e-01
5.595204234123229980e-01 -1.540531069040298462e-01 -2.210605740547180176e-01
9.511372447013854980e-02 5.674067139625549316e-01 6.002169251441955566e-01
6.017011404037475586e-01 8.064319938421249390e-02 6.263717263936996460e-02
-1.552582383155822754e-01 -2.062056213617324829e-01 5.864558219909667969e-01
3.473204970359802246e-01 5.225335955619812012e-01 2.290665358304977417e-01
3.559959828853607178e-01 5.225335955619812012e-01 3.333715796470642090e-01
3.995727300643920898e-01 -7.900546193122863770e-01 2.030401229858398438e-01
-1.567540168762207031e-01 -7.900546193122863770e-01 4.203256666660308838e-01
3.734466135501861572e-01 -7.900546193122863770e-01 -3.358359634876251221e-01
-1.914558708667755127e-01 -7.900546193122863770e-01 2.986697256565093994e-01
1.709436066448688507e-02 5.225335955619812012e-01 2.551926374435424805e-01
-1.046014949679374695e-01 5.225335955619812012e-01 8.134427666664123535e-02
3.559959828853607178e-01 5.228327512741088867e-01 5.526801198720932007e-02
5.098608732223510742e-01 -7.080863714218139648e-01 3.328729867935180664e-01
-3.565889298915863037e-01 -7.900546193122863770e-01 1.769140064716339111e-01
3.386450409889221191e-01 -7.900546193122863770e-01 2.290665358304977417e-01
4.864271283149719238e-01 -7.900546193122863770e-01 1.160860285162925720e-01
6.056144461035728455e-02 -7.900546193122863770e-01 2.050631307065486908e-02
6.056898832321166992e-01 4.543264806270599365e-01 3.771764039993286133e-02
-4.089408516883850098e-01 1.588620096445083618e-01 4.462523758411407471e-01
6.033963561058044434e-01 -1.714040488004684448e-01 3.428607247769832611e-03
-5.111518502235412598e-01 -5.451471209526062012e-01 3.243969678878784180e-01
2.161913365125656128e-01 6.021085977554321289e-01 5.655151009559631348e-01
-3.189952075481414795e-01 6.107839941978454590e-01 4.890314042568206787e-01
-1.615404635667800903e-01 -6.581276655197143555e-01 5.851595401763916016e-01
5.344912409782409668e-01 1.328355967998504639e-01 -2.808913588523864746e-01
5.491497516632080078e-01 -4.785355329513549805e-01 2.504061758518218994e-01
4.911138713359832764e-01 9.802404791116714478e-02 3.559078574180603027e-01
1.659334748983383179e-01 2.139063477516174316e-01 5.827662944793701172e-01
4.680790305137634277e-01 8.933860808610916138e-02 -3.796121776103973389e-01
4.460413455963134766e-01 -2.367180958390235901e-02 -4.080318212509155273e-01
1.199634596705436707e-01 -7.276310920715332031e-01 5.981228947639465332e-01
5.212287306785583496e-01 -7.900546193122863770e-01 2.030401229858398438e-01
2.603664100170135498e-01 5.233313441276550293e-01 4.985046088695526123e-01
5.488505959510803223e-01 5.905412435531616211e-01 1.930683255195617676e-01
3.512094914913177490e-01 1.472947150468826294e-01 4.925215244293212891e-01
1.535684317350387573e-01 -2.235565632581710815e-01 5.869544744491577148e-01
5.558308362960815430e-01 5.224338769912719727e-01 -1.098749861121177673e-01
6.938648223876953125e-02 -1.192515268921852112e-01 6.023110151290893555e-01
-1.956440210342407227e-01 -6.283982191234827042e-03 5.779798030853271484e-01
5.703896880149841309e-01 3.587966263294219971e-01 -1.891508102416992188e-01
4.508278071880340576e-01 -6.494521498680114746e-01 -4.039433896541595459e-01
-2.884815335273742676e-01 3.934984803199768066e-01 5.329073071479797363e-01
-1.486768573522567749e-01 6.195592284202575684e-01 5.619252324104309082e-01
3.903986811637878418e-01 -4.843191504478454590e-01 -4.565944969654083252e-01
4.024645686149597168e-01 5.557396411895751953e-01 4.580190777778625488e-01
-3.484120368957519531e-01 -2.409075051546096802e-01 4.986042976379394531e-01
-7.229286432266235352e-02 3.239950239658355713e-01 6.026101708412170410e-01
4.998891055583953857e-01 7.238642573356628418e-01 -2.869741618633270264e-01
3.671644032001495361e-01 1.501865386962890625e-01 -4.768372476100921631e-01
-4.590990245342254639e-01 6.455855965614318848e-01 4.018778502941131592e-01
5.169408321380615234e-01 -5.103455185890197754e-01 -3.069177567958831787e-01
2.514914870262145996e-01 7.317419648170471191e-01 5.267247557640075684e-01
-4.414489567279815674e-01 -3.973650634288787842e-01 4.174338579177856445e-01
2.992564141750335693e-01 3.906066417694091797e-01 5.276222229003906250e-01
5.817575454711914062e-01 7.208727002143859863e-01 1.643495261669158936e-01
5.796634554862976074e-01 -7.276310920715332031e-01 1.766148507595062256e-01
5.299041867256164551e-01 -7.900546193122863770e-01 6.396342813968658447e-02
2.778170406818389893e-01 -7.900546193122863770e-01 7.265883684158325195e-02
1.474856436252593994e-01 5.228327512741088867e-01 1.943646520376205444e-01
3.560957014560699463e-01 -7.900546193122863770e-01 3.768486380577087402e-01
4.644891917705535889e-01 -7.711081504821777344e-01 -3.848972320556640625e-01
5.598195791244506836e-01 2.371406406164169312e-01 -2.211602926254272461e-01
5.816578269004821777e-01 -3.712389469146728516e-01 -1.564432978630065918e-01
4.627939462661743164e-01 4.688852727413177490e-01 3.884159326553344727e-01
4.611984789371490479e-01 1.848884075880050659e-01 -3.904814422130584717e-01
4.715691506862640381e-01 7.412151694297790527e-01 -3.744268417358398438e-01
5.980116128921508789e-01 -2.843845486640930176e-01 -7.503350824117660522e-02
8.244954049587249756e-02 6.506712436676025391e-01 5.757859945297241211e-01
5.796634554862976074e-01 -5.538225769996643066e-01 1.766148507595062256e-01
5.993078947067260742e-01 -6.754785776138305664e-01 -5.461126193404197693e-02
4.864271283149719238e-01 -7.900546193122863770e-01 -1.967293620109558105e-01
1.909626871347427368e-01 -7.900546193122863770e-01 5.333061814308166504e-01
5.187600478529930115e-02 -7.900546193122863770e-01 5.333061814308166504e-01
-4.373362287878990173e-02 -7.900546193122863770e-01 3.073451817035675049e-01
5.455598831176757812e-01 5.847576260566711426e-01 -1.836663186550140381e-01
1.213595122098922729e-01 5.232316255569458008e-01 4.376766085624694824e-01
-9.589611738920211792e-02 5.225335955619812012e-01 -3.164620697498321533e-02
3.039431571960449219e-01 -7.900546193122863770e-01 -1.793784350156784058e-01
-3.393377065658569336e-01 5.228327512741088867e-01 3.333715796470642090e-01
6.016014814376831055e-01 -3.886895775794982910e-01 -2.254195138812065125e-02
5.149465203285217285e-01 3.211031854152679443e-01 3.202087879180908203e-01
1.719165444374084473e-01 -4.669682085514068604e-01 5.806722640991210938e-01
4.828372895717620850e-01 -6.422712653875350952e-02 3.653810620307922363e-01
5.835524797439575195e-01 -7.276310920715332031e-01 -1.508591026067733765e-01
5.835524797439575195e-01 -6.234257817268371582e-01 -1.508591026067733765e-01
3.402405381202697754e-01 5.321065187454223633e-01 4.659965336322784424e-01
4.135332703590393066e-01 4.543264806270599365e-01 -4.364514648914337158e-01
6.059889793395996094e-01 -6.146506071090698242e-01 3.770766779780387878e-02
-2.883817851543426514e-01 4.978035092353820801e-01 5.326081514358520508e-01
5.573266148567199707e-01 -2.757090926170349121e-01 -2.272430956363677979e-01
5.713868737220764160e-01 6.369101405143737793e-01 -9.298274666070938110e-02
-3.903933167457580566e-01 -1.887549757957458496e-01 4.620078206062316895e-01
6.923690438270568848e-02 7.759169936180114746e-01 5.765838027000427246e-01
-7.229286432266235352e-02 6.890626549720764160e-01 6.026101708412170410e-01
5.205307006835937500e-01 2.412425586953759193e-03 -3.016327023506164551e-01
1.200631782412528992e-01 9.803401678800582886e-02 5.981228947639465332e-01
-4.590990245342254639e-01 -1.496642827987670898e-02 4.018778502941131592e-01
1.126840487122535706e-01 5.225335955619812012e-01 -2.489815950393676758e-01
5.805609226226806641e-01 6.398019194602966309e-01 1.704323291778564453e-01
2.431152164936065674e-01 5.225335955619812012e-01 -1.880539059638977051e-01
-3.218870460987091064e-01 -7.900546193122863770e-01 2.465171813964843750e-01
1.996381431818008423e-01 -7.900546193122863770e-01 4.376766085624694824e-01
-2.610590755939483643e-01 -7.900546193122863770e-01 3.160206377506256104e-01
2.256645560264587402e-01 -7.900546193122863770e-01 -7.509333640336990356e-02
-6.335070356726646423e-04 -4.972812905907630920e-02 6.067983508110046387e-01
3.821220993995666504e-01 5.225335955619812012e-01 -2.923589348793029785e-01
3.907975554466247559e-01 -7.900546193122863770e-01 2.920172549784183502e-02
6.050915718078613281e-01 -4.843191504478454590e-01 2.067583426833152771e-02
4.951026141643524170e-01 -7.900546193122863770e-01 2.725436091423034668e-01
-2.089065313339233398e-01 5.228327512741088867e-01 2.465171813964843750e-01
4.666829705238342285e-01 -3.336452543735504150e-01 3.839286267757415771e-01
5.687941908836364746e-01 2.848070673644542694e-02 -1.953333169221878052e-01
2.517906427383422852e-01 5.225335955619812012e-01 5.526801198720932007e-02
-2.243628203868865967e-01 -3.278616070747375488e-01 5.639195442199707031e-01
1.735120415687561035e-01 -7.900546193122863770e-01 -1.967293620109558105e-01
3.647711873054504395e-01 5.225335955619812012e-01 -1.880539059638977051e-01
5.965158343315124512e-01 -3.452125191688537598e-01 8.938154578208923340e-02
-1.791663281619548798e-02 -3.365370631217956543e-01 6.079949140548706055e-01
-6.617017835378646851e-02 -2.365186810493469238e-02 6.038067936897277832e-01
5.961169600486755371e-01 -4.929946362972259521e-01 -1.092766746878623962e-01
5.882392525672912598e-01 -1.540531069040298462e-01 -1.370979994535446167e-01
-4.937011897563934326e-01 1.849881261587142944e-01 3.504233658313751221e-01
5.379813313484191895e-01 5.847576260566711426e-01 -2.756063044071197510e-01
1.666557230055332184e-02 1.153849512338638306e-01 6.056017279624938965e-01
6.027980446815490723e-01 2.110145241022109985e-01 -5.238882265985012054e-03
-4.330483451485633850e-02 2.023390531539916992e-01 6.084935665130615234e-01
5.405740141868591309e-01 -6.783703565597534180e-01 2.678568661212921143e-01
5.560303330421447754e-01 7.942651510238647461e-01 -1.794781535863876343e-01
3.204963803291320801e-01 -7.291256636381149292e-02 5.131630897521972656e-01
3.396664932370185852e-02 -2.757090926170349121e-01 6.044051051139831543e-01
4.644891917705535889e-01 -5.886241793632507324e-01 -3.848972320556640625e-01
-4.590990245342254639e-01 7.064135670661926270e-01 4.018778502941131592e-01
3.771362006664276123e-01 2.167981714010238647e-01 4.749711453914642334e-01
2.361349463462829590e-01 2.921849787235260010e-01 5.586345195770263672e-01
5.805609226226806641e-01 3.182114064693450928e-01 1.704323291778564453e-01
1.599503755569458008e-01 5.352974534034729004e-01 5.565404295921325684e-01
3.930910527706146240e-01 7.469987869262695312e-01 4.643013179302215576e-01
-6.095746648497879505e-04 4.456509947776794434e-01 6.070975065231323242e-01
5.532382130622863770e-01 5.354969501495361328e-01 1.715292334556579590e-01
3.097268342971801758e-01 5.586314797401428223e-01 5.203428268432617188e-01
4.715691506862640381e-01 -7.580438256263732910e-02 -3.744268417358398438e-01
5.205307006835937500e-01 2.718425095081329346e-01 -3.016327023506164551e-01
4.514261186122894287e-01 -7.899548411369323730e-01 3.853246569633483887e-01
5.847491025924682617e-01 -6.754785776138305664e-01 1.495912671089172363e-01
-3.116160929203033447e-01 -4.104268923401832581e-02 5.212402343750000000e-01
-3.589821457862854004e-01 7.937666177749633789e-01 4.893305301666259766e-01
5.344912409782409668e-01 -2.583581507205963135e-01 -2.808913588523864746e-01
-1.117811948060989380e-01 -5.451471209526062012e-01 5.949319005012512207e-01
5.118552446365356445e-01 5.441723465919494629e-01 2.691531777381896973e-01
4.707714021205902100e-01 3.732557296752929688e-01 3.791421353816986084e-01
-2.722274959087371826e-01 6.369101405143737793e-01 5.123653411865234375e-01
4.603010118007659912e-01 5.225335955619812012e-01 1.508876085281372070e-01
1.535684317350387573e-01 -3.018351793289184570e-01 5.869544744491577148e-01
-1.480785459280014038e-01 -7.900546193122863770e-01 2.290665358304977417e-01
-2.175819873809814453e-01 5.225335955619812012e-01 3.160206377506256104e-01
2.169890850782394409e-01 5.225335955619812012e-01 -3.879885077476501465e-01
4.082482159137725830e-01 -7.900546193122863770e-01 -1.185504496097564697e-01
3.560957014560699463e-01 -7.900546193122863770e-01 -8.378875255584716797e-02
8.416899479925632477e-03 -7.900546193122863770e-01 -5.771249160170555115e-02
4.603010118007659912e-01 5.228327512741088867e-01 -2.295079454779624939e-02
4.666829705238342285e-01 -4.901027977466583252e-01 3.839286267757415771e-01
-3.504818677902221680e-02 5.225335955619812012e-01 2.812190651893615723e-01
1.387104541063308716e-01 5.225335955619812012e-01 2.049634233117103577e-02
3.724494576454162598e-01 3.139247372746467590e-02 4.781621098518371582e-01
3.410382866859436035e-01 6.426937580108642578e-01 4.993023276329040527e-01
-2.533807754516601562e-01 2.631670534610748291e-01 5.496599078178405762e-01
3.832190036773681641e-01 7.939659953117370605e-01 -4.327618777751922607e-01
-3.486114740371704102e-01 6.542610526084899902e-01 4.648996293544769287e-01
-5.044707059860229492e-01 -2.930600047111511230e-01 3.343687355518341064e-01
4.855296611785888672e-01 -7.102801203727722168e-01 -3.535857796669006348e-01
4.690761864185333252e-01 -7.900546193122863770e-01 -2.923589348793029785e-01
-2.657215669751167297e-02 -7.363066077232360840e-01 6.088924407958984375e-01
5.966154932975769043e-01 -4.234911799430847168e-01 -1.010000780224800110e-01
2.509929239749908447e-01 -7.899548411369323730e-01 5.484632849693298340e-01
4.510272443294525146e-01 6.369101405143737793e-01 -3.596685826778411865e-01
3.980769813060760498e-01 3.877148628234863281e-01 4.613097906112670898e-01
5.555316805839538574e-01 5.499560236930847168e-01 -2.334256023168563843e-01
1.720162630081176758e-01 4.283000528812408447e-01 5.808716416358947754e-01
2.040257453918457031e-01 -3.829059600830078125e-01 5.697032213211059570e-01
-1.126662482420215383e-05 7.412151694297790527e-01 5.813702344894409180e-01
5.983107686042785645e-01 3.326705098152160645e-01 -7.507339864969253540e-02
1.344225853681564331e-01 7.354314923286437988e-01 5.668113827705383301e-01
-2.767148017883300781e-01 -1.453776508569717407e-01 5.382920503616333008e-01
1.659334748983383179e-01 -5.944078564643859863e-01 5.827662944793701172e-01
5.960172414779663086e-01 8.933860808610916138e-02 -1.092766746878623962e-01
3.670646846294403076e-01 -2.004219889640808105e-01 4.818516969680786133e-01
4.993904829025268555e-01 5.129606723785400391e-01 3.466340899467468262e-01
4.855296611785888672e-01 5.499560236930847168e-01 -3.535857796669006348e-01
-8.646846748888492584e-03 6.195592284202575684e-01 5.819685459136962891e-01
5.552325844764709473e-01 8.064319938421249390e-02 -2.333258837461471558e-01
-1.468819230794906616e-01 -2.843845486640930176e-01 5.880513191223144531e-01
-5.111518502235412598e-01 -4.234911799430847168e-01 3.243969678878784180e-01
4.343743324279785156e-01 -5.567144155502319336e-01 4.210236966609954834e-01
5.746775865554809570e-01 9.801407903432846069e-02 -1.767857670783996582e-01
3.440298140048980713e-01 6.107839941978454590e-01 -4.633753001689910889e-01
-3.948806524276733398e-01 -4.843191504478454590e-01 4.581187963485717773e-01
-3.233828246593475342e-01 -3.973650634288787842e-01 5.158554911613464355e-01
-3.671590387821197510e-01 -7.363066077232360840e-01 4.822505712509155273e-01
-4.555091857910156250e-01 -7.364062666893005371e-01 4.060660004615783691e-01
-3.718457520008087158e-01 1.110683847218751907e-02 4.781621098518371582e-01
-7.852524518966674805e-02 5.225335955619812012e-01 1.769140064716339111e-01
1.909626871347427368e-01 -7.900546193122863770e-01 2.378417104482650757e-01
1.735120415687561035e-01 5.228327512741088867e-01 -1.533520370721817017e-01
3.039431571960449219e-01 5.225335955619812012e-01 1.595630794763565063e-01
5.374827980995178223e-01 7.267560958862304688e-01 2.168012112379074097e-01
7.794228941202163696e-02 5.225335955619812012e-01 3.594976961612701416e-01
2.431152164936065674e-01 5.225335955619812012e-01 -2.296076714992523193e-02
-3.116160929203033447e-01 -6.059750914573669434e-01 5.212402343750000000e-01
5.577254891395568848e-01 -5.306880474090576172e-01 2.329555302858352661e-01
2.579974383115768433e-02 -7.900546193122863770e-01 6.396342813968658447e-02
5.264140367507934570e-01 3.717611357569694519e-02 2.969745099544525146e-01
-2.870854735374450684e-01 5.225335955619812012e-01 4.463520944118499756e-01
-4.972910284996032715e-01 -6.321012973785400391e-01 3.450385928153991699e-01
4.506283700466156006e-01 5.744878575205802917e-02 4.023764431476593018e-01
-5.241905897855758667e-02 -7.900546193122863770e-01 1.247614994645118713e-01
5.951197743415832520e-01 -5.624980926513671875e-01 -1.172541156411170959e-01
6.054904460906982422e-01 3.153195679187774658e-01 2.932138554751873016e-02
6.056144461035728455e-02 -7.900546193122863770e-01 3.333715796470642090e-01
1.857773512601852417e-01 -7.479735612869262695e-01 5.758857727050781250e-01
8.017030544579029083e-03 -4.234911799430847168e-01 6.061999797821044922e-01
3.178039789199829102e-01 -6.747805476188659668e-01 -5.128355026245117188e-01
1.980426609516143799e-01 2.849067933857440948e-02 5.720964074134826660e-01
4.087468087673187256e-01 -5.451471209526062012e-01 -4.405398964881896973e-01
5.278101563453674316e-01 -7.860658764839172363e-01 -2.915611863136291504e-01
3.774353563785552979e-01 -5.045619606971740723e-01 4.754697382450103760e-01
3.930910527706146240e-01 -3.742304742336273193e-01 4.643013179302215576e-01
3.235876262187957764e-01 -2.923619747161865234e-01 -5.099436640739440918e-01
3.150118589401245117e-01 7.121972441673278809e-01 5.167529582977294922e-01
4.135332703590393066e-01 -6.711895018815994263e-02 -4.364514648914337158e-01
4.460413455963134766e-01 -3.713386356830596924e-01 -4.080318212509155273e-01
3.948859870433807373e-01 -6.407766938209533691e-01 -4.527055025100708008e-01
5.817575454711914062e-01 -2.612499892711639404e-01 1.643495261669158936e-01
-3.995673954486846924e-01 3.326705098152160645e-01 4.540303647518157959e-01
5.992081761360168457e-01 7.006299495697021484e-01 7.506203651428222656e-02
1.996381431818008423e-01 5.228327512741088867e-01 -2.923589348793029785e-01
2.169890850782394409e-01 5.225335955619812012e-01 2.377419918775558472e-01
2.256645560264587402e-01 -7.900546193122863770e-01 -3.184850513935089111e-01
3.821220993995666504e-01 5.225335955619812012e-01 -2.296076714992523193e-02
-7.849532365798950195e-02 -7.900546193122863770e-01 2.030401229858398438e-01
6.925684958696365356e-02 -7.900546193122863770e-01 -1.620275080204010010e-01
1.040085703134536743e-01 -7.900546193122863770e-01 4.463520944118499756e-01
1.909626871347427368e-01 -7.900546193122863770e-01 1.422121524810791016e-01
2.578977122902870178e-02 5.225335955619812012e-01 1.247614994645118713e-01
2.604661285877227783e-01 5.225335955619812012e-01 -2.836834788322448730e-01
-9.283047169446945190e-03 6.326235085725784302e-02 6.073966622352600098e-01
1.996381431818008423e-01 -7.900546193122863770e-01 3.789713233709335327e-02
3.877062797546386719e-01 -1.019005849957466125e-01 4.678911864757537842e-01
-2.697345316410064697e-01 -7.900546193122863770e-01 4.724781811237335205e-01
-4.414489567279815674e-01 -6.407766938209533691e-01 4.174338579177856445e-01
2.003361731767654419e-01 7.237645387649536133e-01 5.442751049995422363e-01
5.605176091194152832e-01 2.631670534610748291e-01 2.270721644163131714e-01
-4.089408516883850098e-01 7.412151694297790527e-01 4.122485220432281494e-01
5.098608732223510742e-01 -3.191861212253570557e-01 3.321749866008758545e-01
5.469559431076049805e-01 7.237645387649536133e-01 -2.595517039299011230e-01
-4.330483451485633850e-02 -1.540531069040298462e-01 6.084935665130615234e-01
-2.664438486099243164e-01 7.498906254768371582e-01 5.152571797370910645e-01
3.298698365688323975e-01 5.232316255569458008e-01 -4.573922455310821533e-01
-4.411255195736885071e-02 7.941654920578002930e-01 5.872535705566406250e-01
5.587226748466491699e-01 6.369101405143737793e-01 -1.455740481615066528e-01
-2.184794545173645020e-01 5.064790248870849609e-01 5.668113827705383301e-01
5.663012266159057617e-01 -4.581930339336395264e-01 -2.012166827917098999e-01
5.098608732223510742e-01 -5.451471209526062012e-01 3.321749866008758545e-01
5.403745770454406738e-01 7.941654920578002930e-01 2.669593989849090576e-01
2.262628674507141113e-01 5.586314797401428223e-01 5.354002118110656738e-01
3.877062797546386719e-01 9.801407903432846069e-02 4.678911864757537842e-01
-2.184794545173645020e-01 3.848230242729187012e-01 5.668113827705383301e-01
5.345909595489501953e-01 6.890626549720764160e-01 -2.158752381801605225e-01
-4.659795761108398438e-01 -5.277962088584899902e-01 3.917066156864166260e-01
3.178039789199829102e-01 3.334682285785675049e-01 -5.128355026245117188e-01
-4.937011897563934326e-01 8.933860808610916138e-02 3.504233658313751221e-01
5.926268100738525391e-01 -2.410072237253189087e-01 -1.249324083328247070e-01
5.703896880149841309e-01 -7.711081504821777344e-01 -1.891508102416992188e-01
3.464230597019195557e-01 3.355623185634613037e-01 4.957124888896942139e-01
6.021997332572937012e-01 -6.407766938209533691e-01 -1.388642657548189163e-02
4.751589894294738770e-01 2.399327456951141357e-01 3.749539852142333984e-01
2.842987179756164551e-01 4.565202593803405762e-01 5.378931760787963867e-01
4.368672966957092285e-01 2.848070673644542694e-02 -4.161089658737182617e-01
5.272117853164672852e-01 4.804525971412658691e-01 -2.916609048843383789e-01
5.965158343315124512e-01 -2.148810923099517822e-01 8.938154578208923340e-02
4.262217134237289429e-02 3.761475384235382080e-01 6.038067936897277832e-01
5.817575454711914062e-01 1.994472444057464600e-01 1.643495261669158936e-01
1.598506718873977661e-01 3.471296131610870361e-01 5.851595401763916016e-01
-1.255422681570053101e-01 7.325397133827209473e-01 5.665122270584106445e-01
-9.500862658023834229e-02 -4.060405194759368896e-01 5.982226133346557617e-01
5.966154932975769043e-01 -4.973810166120529175e-02 -1.010000780224800110e-01
5.344912409782409668e-01 3.413459360599517822e-01 -2.808913588523864746e-01
-3.997668027877807617e-01 6.369101405143737793e-01 4.203256666660308838e-01
5.405740141868591309e-01 6.861708164215087891e-01 2.678568661212921143e-01
5.724837779998779297e-01 2.718425095081329346e-01 -1.830680072307586670e-01
3.730477392673492432e-01 6.165676712989807129e-01 4.472495317459106445e-01
1.857773512601852417e-01 -1.829713284969329834e-01 5.758857727050781250e-01
3.565942645072937012e-01 -2.728172540664672852e-01 4.892308413982391357e-01
-1.480785459280014038e-01 -7.900546193122863770e-01 -4.033164307475090027e-02
5.559305548667907715e-01 -7.900546193122863770e-01 -9.248415380716323853e-02
2.578977122902870178e-02 5.225335955619812012e-01 5.071800351142883301e-01
3.994730412960052490e-01 5.228327512741088867e-01 2.030401229858398438e-01
1.387104541063308716e-01 5.228327512741088867e-01 1.422121524810791016e-01
7.791236788034439087e-02 5.228327512741088867e-01 -5.571939982473850250e-03
-1.791663281619548798e-02 -2.235565632581710815e-01 6.079949140548706055e-01
8.416899479925632477e-03 -7.900546193122863770e-01 4.290011525154113770e-01
2.691416144371032715e-01 5.228327512741088867e-01 2.465171813964843750e-01
-1.567540168762207031e-01 5.230321288108825684e-01 2.377419918775558472e-01
-1.914558708667755127e-01 -7.900546193122863770e-01 4.898291230201721191e-01
-3.480131626129150391e-01 5.228327512741088867e-01 2.117155790328979492e-01
3.386450409889221191e-01 -7.900546193122863770e-01 7.265883684158325195e-02
-1.914558708667755127e-01 5.225335955619812012e-01 1.335366666316986084e-01
6.039946675300598145e-01 -1.192515268921852112e-01 1.206219196319580078e-02
1.926578879356384277e-01 6.455855965614318848e-01 5.468677878379821777e-01
-2.332377284765243530e-01 -7.894562482833862305e-01 5.576373338699340820e-01
-1.117811948060989380e-01 -8.448982983827590942e-02 5.953307747840881348e-01
1.200631782412528992e-01 -4.929946362972259521e-01 5.981228947639465332e-01
5.070688128471374512e-01 6.861708164215087891e-01 3.379586040973663330e-01
-2.824984192848205566e-01 6.890626549720764160e-01 5.354999899864196777e-01
3.948859870433807373e-01 -7.450817227363586426e-01 -4.527055025100708008e-01
5.719851851463317871e-01 -4.684627801179885864e-02 2.038378566503524780e-01
-3.233828246593475342e-01 7.194778323173522949e-02 5.158554911613464355e-01
4.819398224353790283e-01 -6.581276655197143555e-01 -3.589705526828765869e-01
4.135332703590393066e-01 -2.322320342063903809e-01 -4.364514648914337158e-01
-1.241462305188179016e-01 2.544915676116943359e-01 5.926383733749389648e-01
-7.841555029153823853e-02 -6.494521498680114746e-01 6.014136075973510742e-01
4.322802722454071045e-01 -4.495175778865814209e-01 -4.200977087020874023e-01
-2.533807754516601562e-01 5.674067139625549316e-01 5.496599078178405762e-01
5.264140367507934570e-01 4.283000528812408447e-01 2.969745099544525146e-01
-3.283699043095111847e-04 5.228327512741088867e-01 -1.011995151638984680e-01
5.634094476699829102e-01 -3.684468269348144531e-01 2.212885171175003052e-01
-5.148413777351379395e-01 3.066440820693969727e-01 3.190121948719024658e-01
3.578906059265136719e-01 2.458161115646362305e-01 -4.849143922328948975e-01
-2.349329292774200439e-01 5.225335955619812012e-01 4.463520944118499756e-01
5.989090204238891602e-01 3.718608990311622620e-02 -6.057440117001533508e-02
2.951679825782775879e-01 5.228327512741088867e-01 -1.707029789686203003e-01
-1.306279003620147705e-01 -7.900546193122863770e-01 5.419816374778747559e-01
1.213595122098922729e-01 5.225335955619812012e-01 -1.359013915061950684e-01
-1.219524368643760681e-01 5.225335955619812012e-01 4.638027548789978027e-01
-4.373362287878990173e-02 -7.900546193122863770e-01 -3.163623437285423279e-02
5.235222578048706055e-01 1.124931275844573975e-01 3.027581572532653809e-01
6.050915718078613281e-01 2.631670534610748291e-01 4.604409635066986084e-02
2.300521582365036011e-01 4.514346420764923096e-01 5.607286095619201660e-01
-3.653641045093536377e-01 -7.900546193122863770e-01 3.420470356941223145e-01
8.662772178649902344e-02 5.225335955619812012e-01 5.506570935249328613e-01
3.624776303768157959e-01 -7.894562482833862305e-01 -4.795296192169189453e-01
-3.671590387821197510e-01 4.369755089282989502e-01 4.822505712509155273e-01
-1.896609514951705933e-01 6.542610526084899902e-01 5.797747373580932617e-01
-4.435430169105529785e-01 7.946640253067016602e-01 3.941995501518249512e-01
4.830367267131805420e-01 4.225164055824279785e-01 3.655804991722106934e-01
-3.398362994194030762e-01 3.674720823764801025e-01 5.064820051193237305e-01
-1.615404635667800903e-01 -7.711081504821777344e-01 5.851595401763916016e-01
-5.153157189488410950e-02 -7.859661579132080078e-01 6.068980097770690918e-01
1.668551750481128693e-02 4.978035092353820801e-01 6.056017279624938965e-01
6.016014814376831055e-01 4.631016552448272705e-01 -2.254195138812065125e-02
5.904330015182495117e-01 -1.569449305534362793e-01 1.207727715373039246e-01
5.178382992744445801e-01 7.412151694297790527e-01 3.144251704216003418e-01
-5.327663570642471313e-02 5.934330821037292480e-01 5.806722640991210938e-01
4.783499538898468018e-01 -3.018351793289184570e-01 -3.642556369304656982e-01
5.948206186294555664e-01 -5.886241793632507324e-01 9.774789214134216309e-02
-4.972910284996032715e-01 -2.062056213617324829e-01 3.450385928153991699e-01
-1.180634349584579468e-01 4.804525971412658691e-01 5.936355590820312500e-01
5.965158343315124512e-01 -4.756436944007873535e-01 8.938154578208923340e-02
5.344912409782409668e-01 -7.364062666893005371e-01 -2.808913588523864746e-01
5.243199467658996582e-01 -3.105106651782989502e-01 -2.965470850467681885e-01
3.877062797546386719e-01 -7.450817227363586426e-01 4.678911864757537842e-01
8.645820617675781250e-02 -5.972996950149536133e-01 6.008152365684509277e-01
5.773699283599853516e-01 6.282346844673156738e-01 -5.885054357349872589e-03
4.747601151466369629e-01 -1.366024613380432129e-01 -3.696404099464416504e-01
1.277414709329605103e-01 5.239296555519104004e-01 5.962282419204711914e-01
2.842987179756164551e-01 -3.083168566226959229e-01 5.378931760787963867e-01
4.384627640247344971e-01 -6.842537522315979004e-01 4.162372350692749023e-01
-2.958606481552124023e-01 5.228327512741088867e-01 1.769140064716339111e-01
2.691416144371032715e-01 5.228327512741088867e-01 3.507225215435028076e-01
2.344397455453872681e-01 -7.900546193122863770e-01 -4.314655363559722900e-01
2.169890850782394409e-01 -7.900546193122863770e-01 -2.228554934263229370e-01
1.735120415687561035e-01 5.225335955619812012e-01 4.985046088695526123e-01
-6.981986016035079956e-02 5.225335955619812012e-01 4.898291230201721191e-01
1.474856436252593994e-01 5.228327512741088867e-01 9.002970904111862183e-02
3.212940990924835205e-01 5.228327512741088867e-01 -4.053394198417663574e-01
-1.654294729232788086e-01 5.228327512741088867e-01 4.898291230201721191e-01
2.691416144371032715e-01 5.225335955619812012e-01 -3.793130517005920410e-01
1.126840487122535706e-01 -7.900546193122863770e-01 2.203910499811172485e-01
3.126186430454254150e-01 -7.900546193122863770e-01 2.725436091423034668e-01
3.386450409889221191e-01 -7.900546193122863770e-01 1.247614994645118713e-01
-3.913905024528503418e-01 -7.900546193122863770e-01 2.465171813964843750e-01
5.186603218317031860e-02 5.225335955619812012e-01 -4.902705550193786621e-02
3.039431571960449219e-01 -7.900546193122863770e-01 -2.295079454779624939e-02
6.017011404037475586e-01 -7.189556360244750977e-01 6.263717263936996460e-02
6.010031104087829590e-01 -7.450817227363586426e-01 -3.118750266730785370e-02
4.747601151466369629e-01 -6.987128853797912598e-01 3.746548295021057129e-01
-3.233828246593475342e-01 2.805179655551910400e-01 5.158554911613464355e-01
2.430154830217361450e-01 5.230321288108825684e-01 4.290011525154113770e-01
4.262217134237289429e-02 -6.668031215667724609e-01 6.038067936897277832e-01
-3.393377065658569336e-01 5.674067139625549316e-01 4.729767739772796631e-01
-8.672205358743667603e-02 -2.843845486640930176e-01 6.004163622856140137e-01
5.916296243667602539e-01 5.412805676460266113e-01 1.144905388355255127e-01
-9.611549228429794312e-02 7.909744381904602051e-01 5.978237390518188477e-01
5.311007499694824219e-01 -6.234257817268371582e-01 -2.864755690097808838e-01
-1.820823848247528076e-01 7.585661411285400391e-01 5.818688273429870605e-01
-4.764499664306640625e-01 7.845925092697143555e-01 3.300808668136596680e-01
-3.811195492744445801e-01 1.153849512338638306e-01 4.700849950313568115e-01
-3.995673954486846924e-01 -4.321666359901428223e-01 4.540303647518157959e-01
5.772702693939208984e-01 7.498906254768371582e-01 -1.692072153091430664e-01
-4.230011105537414551e-01 -5.364717245101928711e-01 4.335881769657135010e-01
2.791133821010589600e-01 2.421265393495559692e-01 5.417822003364562988e-01
3.996724784374237061e-01 1.240604221820831299e-01 -4.485173225402832031e-01
4.322802722454071045e-01 6.194594502449035645e-01 -4.200977087020874023e-01
4.230064749717712402e-01 7.237645387649536133e-01 -3.946696221828460693e-01
-4.182146191596984863e-01 -3.105106651782989502e-01 4.377763271331787109e-01
4.534204900264739990e-01 6.774953603744506836e-01 3.605946004390716553e-01
-1.385056227445602417e-01 -1.279270052909851074e-01 5.897465348243713379e-01
3.204963803291320801e-01 4.007791355252265930e-02 5.131630897521972656e-01
-7.841555029153823853e-02 1.675374656915664673e-01 6.014136075973510742e-01
-3.233828246593475342e-01 1.675374656915664673e-01 5.158554911613464355e-01
-4.261920750141143799e-01 5.232316255569458008e-01 3.073451817035675049e-01
5.405740141868591309e-01 3.819311857223510742e-01 2.678568661212921143e-01
2.562779486179351807e-01 -6.523439884185791016e-01 5.524519681930541992e-01
5.494489073753356934e-01 6.905596703290939331e-02 2.505058944225311279e-01
5.743784308433532715e-01 7.325397133827209473e-01 -4.913674667477607727e-02
6.004047989845275879e-01 -1.192515268921852112e-01 -3.984302654862403870e-02
2.676458358764648438e-01 3.413459360599517822e-01 5.478649735450744629e-01
3.461481630802154541e-02 6.629365682601928711e-01 5.789769887924194336e-01
-1.615404635667800903e-01 -7.581436634063720703e-02 5.851595401763916016e-01
-4.694696962833404541e-01 -2.148810923099517822e-01 3.863218426704406738e-01
4.140318334102630615e-01 5.313222762197256088e-03 4.442580044269561768e-01
3.857119679450988770e-01 5.586314797401428223e-01 -4.606829285621643066e-01
5.926268100738525391e-01 -7.893565893173217773e-01 -1.253312826156616211e-01
1.388101726770401001e-01 -7.900546193122863770e-01 2.638681232929229736e-01
1.474856436252593994e-01 -7.900546193122863770e-01 4.116502106189727783e-01
-1.957437545061111450e-01 -6.234257817268371582e-01 5.782789587974548340e-01
1.710433140397071838e-02 -7.900546193122863770e-01 1.508876085281372070e-01
-6.110449880361557007e-02 5.225335955619812012e-01 -6.641787290573120117e-02
5.186603218317031860e-02 5.225335955619812012e-01 8.134427666664123535e-02
4.828372895717620850e-01 -2.033138126134872437e-01 3.653810620307922363e-01
4.429500699043273926e-01 -7.900546193122863770e-01 -2.295079454779624939e-02
-3.717460632324218750e-01 5.281177759170532227e-01 4.378760457038879395e-01
4.221090078353881836e-01 -6.030833125114440918e-01 4.349842071533203125e-01
1.120857372879981995e-01 6.195592284202575684e-01 5.994191765785217285e-01
4.088464975357055664e-01 7.469987869262695312e-01 4.117499291896820068e-01
5.380810499191284180e-01 -2.119892835617065430e-01 2.738399207592010498e-01
5.960172414779663086e-01 3.848230242729187012e-01 -1.092766746878623962e-01
-4.414489567279815674e-01 4.283000528812408447e-01 4.174338579177856445e-01
1.120857372879981995e-01 3.239950239658355713e-01 5.994191765785217285e-01
4.368672966957092285e-01 8.062325417995452881e-02 -4.161089658737182617e-01
5.817575454711914062e-01 2.558888681232929230e-02 1.643495261669158936e-01
-1.194594800472259521e-01 6.803871989250183105e-01 5.677089095115661621e-01
5.643069148063659668e-01 7.035217881202697754e-01 1.222685426473617554e-01
6.050915718078613281e-01 1.588620096445083618e-01 4.604409635066986084e-02
4.301861524581909180e-01 4.659934639930725098e-01 4.258101880550384521e-01
5.683953166007995605e-01 -3.191861212253570557e-01 -1.952335983514785767e-01
-1.117811948060989380e-01 3.587966263294219971e-01 5.949319005012512207e-01
5.793643593788146973e-01 -6.278996355831623077e-03 -1.631244122982025146e-01
2.991567254066467285e-01 -2.656363323330879211e-02 5.275225043296813965e-01
-2.709311544895172119e-01 -5.886241793632507324e-01 5.411838889122009277e-01
2.842987179756164551e-01 -3.604694008827209473e-01 5.378931760787963867e-01
5.491497516632080078e-01 -2.872763574123382568e-01 2.504061758518218994e-01
5.683953166007995605e-01 4.804525971412658691e-01 -1.952335983514785767e-01
5.996070504188537598e-01 1.154846698045730591e-01 -5.350439622998237610e-02
5.004873871803283691e-01 5.934330821037292480e-01 2.924871742725372314e-01
3.294709920883178711e-01 5.159521698951721191e-01 -5.071515440940856934e-01
2.238696366548538208e-01 1.762129366397857666e-01 5.629224181175231934e-01
4.384627640247344971e-01 6.369101405143737793e-01 4.162372350692749023e-01
-1.741049438714981079e-01 5.228327512741088867e-01 5.418819189071655273e-01
5.620133876800537109e-01 7.906752824783325195e-01 1.346335709095001221e-01
-3.349500894546508789e-01 7.498906254768371582e-01 5.101715326309204102e-01
5.993078947067260742e-01 -3.278616070747375488e-01 -5.461126193404197693e-02
-4.367622137069702148e-01 -2.670336365699768066e-01 4.215223193168640137e-01
3.204963803291320801e-01 4.311918914318084717e-01 5.131630897521972656e-01
1.201628968119621277e-01 7.760167717933654785e-01 5.984219908714294434e-01
-4.462354183197021484e-01 1.328355967998504639e-01 4.137443006038665771e-01
9.511372447013854980e-02 4.891280531883239746e-01 6.002169251441955566e-01
3.357532322406768799e-01 2.891934514045715332e-01 5.028921961784362793e-01
5.634094476699829102e-01 3.182114064693450928e-01 2.212885171175003052e-01
1.918601542711257935e-01 -6.422712653875350952e-02 5.738913416862487793e-01
-2.185791730880737305e-01 -5.712732672691345215e-01 5.669111013412475586e-01
-9.500862658023834229e-02 -4.581930339336395264e-01 5.982226133346557617e-01
5.320979952812194824e-01 -7.218474745750427246e-01 2.853074967861175537e-01
6.054904460906982422e-01 -6.268027238547801971e-03 2.932138554751873016e-02
-1.385056227445602417e-01 3.719605877995491028e-02 5.897465348243713379e-01
3.303684592247009277e-01 -5.857324004173278809e-01 5.064820051193237305e-01
3.357532322406768799e-01 -1.714040488004684448e-01 5.028921961784362793e-01
-4.972910284996032715e-01 -7.364062666893005371e-01 3.450385928153991699e-01
-2.301464676856994629e-01 -8.449979871511459351e-02 5.611274838447570801e-01
3.877062797546386719e-01 -2.409075051546096802e-01 4.678911864757537842e-01
3.879057168960571289e-01 -4.495175778865814209e-01 4.681903123855590820e-01
4.466396272182464600e-01 -4.002568721771240234e-01 4.069634675979614258e-01
4.959003329277038574e-01 -4.061402380466461182e-01 -3.382292091846466064e-01
-3.497838228940963745e-02 3.761475384235382080e-01 6.090918183326721191e-01
4.753584265708923340e-01 7.412151694297790527e-01 -3.235706686973571777e-01
-4.694696962833404541e-01 5.326051115989685059e-01 3.863218426704406738e-01
5.538365244865417480e-01 7.940657138824462891e-01 -2.321292608976364136e-01
5.745778679847717285e-01 -1.742958724498748779e-01 1.984530836343765259e-01
2.890851795673370361e-01 -2.090974450111389160e-01 5.343033671379089355e-01
3.907975554466247559e-01 5.228327512741088867e-01 2.986697256565093994e-01
3.821220993995666504e-01 -7.900546193122863770e-01 2.465171813964843750e-01
1.126840487122535706e-01 -7.900546193122863770e-01 -1.098749861121177673e-01
3.995727300643920898e-01 5.225335955619812012e-01 -3.358359634876251221e-01
-5.111518502235412598e-01 -6.711895018815994263e-02 3.243969678878784180e-01
4.415540397167205811e-01 2.805179655551910400e-01 -4.120205342769622803e-01
-4.762505292892456055e-01 3.153195679187774658e-01 3.764497339725494385e-01
4.317062348127365112e-02 5.225335955619812012e-01 -2.141800224781036377e-01
3.097268342971801758e-01 1.415110826492309570e-01 5.203428268432617188e-01
5.559305548667907715e-01 5.232316255569458008e-01 2.050631307065486908e-02
-5.241905897855758667e-02 -7.900546193122863770e-01 4.638027548789978027e-01
3.994730412960052490e-01 5.225335955619812012e-01 3.788716346025466919e-02
4.951026141643524170e-01 -7.900546193122863770e-01 -3.163623437285423279e-02
6.925684958696365356e-02 -7.900546193122863770e-01 1.595630794763565063e-01
-2.175819873809814453e-01 -7.900546193122863770e-01 7.265883684158325195e-02
-2.745221718214452267e-04 -7.900546193122863770e-01 5.246306657791137695e-01
-2.725278027355670929e-04 5.225335955619812012e-01 4.376766085624694824e-01
2.041254639625549316e-01 -1.787819340825080872e-02 5.700023770332336426e-01
-1.741049438714981079e-01 5.228327512741088867e-01 3.855240941047668457e-01
2.691416144371032715e-01 -7.900546193122863770e-01 -1.272259354591369629e-01
-2.610590755939483643e-01 5.225335955619812012e-01 2.551926374435424805e-01
-2.697345316410064697e-01 5.225335955619812012e-01 4.898291230201721191e-01
4.690761864185333252e-01 5.225335955619812012e-01 -2.489815950393676758e-01
3.560957014560699463e-01 -7.900546193122863770e-01 -2.923589348793029785e-01
6.016014814376831055e-01 1.675374656915664673e-01 -2.254195138812065125e-02
5.579249858856201172e-01 4.022736549377441406e-01 -2.275422364473342896e-01
4.951026141643524170e-01 5.228327512741088867e-01 8.134427666664123535e-02
4.923104941844940186e-01 -1.497639995068311691e-02 -3.437137007713317871e-01
4.169236719608306885e-01 5.228327512741088867e-01 1.160860285162925720e-01
5.830538868904113770e-01 -8.449979871511459351e-02 1.579675972461700439e-01
7.793232053518295288e-02 5.228327512741088867e-01 -1.707029789686203003e-01
-2.301464676856994629e-01 1.240604221820831299e-01 5.611274838447570801e-01
5.377818942070007324e-01 -6.030833125114440918e-01 2.736404836177825928e-01
5.662015080451965332e-01 4.296973347663879395e-02 2.155048698186874390e-01
4.788485765457153320e-01 -1.786822266876697540e-02 3.699680864810943604e-01
-3.503821045160293579e-02 -7.900546193122863770e-01 2.290665358304977417e-01
-2.697345316410064697e-01 5.225335955619812012e-01 3.508222103118896484e-01
3.039431571960449219e-01 5.225335955619812012e-01 2.117155790328979492e-01
8.017030544579029083e-03 -7.016046643257141113e-01 6.061999797821044922e-01
5.992081761360168457e-01 6.224510073661804199e-01 7.506203651428222656e-02
5.980116128921508789e-01 -1.105760633945465088e-01 8.117475360631942749e-02
3.764381706714630127e-01 8.932863175868988037e-02 -4.687600731849670410e-01
-2.301464676856994629e-01 5.456693843007087708e-02 5.611274838447570801e-01
5.966154932975769043e-01 -6.321012973785400391e-01 -1.010000780224800110e-01
-3.530987799167633057e-01 -1.714040488004684448e-01 4.945158660411834717e-01
-2.243628203868865967e-01 -6.929292678833007812e-01 5.639195442199707031e-01
-3.625719845294952393e-01 -2.843845486640930176e-01 4.862392842769622803e-01
-3.811195492744445801e-01 -6.146506071090698242e-01 4.700849950313568115e-01
4.775522351264953613e-01 5.229324698448181152e-01 3.071457445621490479e-01
-6.860329210758209229e-02 5.333031415939331055e-01 5.773815512657165527e-01
3.948859870433807373e-01 6.803871989250183105e-01 -4.527055025100708008e-01
6.934659183025360107e-02 -5.277962088584899902e-01 6.019121408462524414e-01
3.396422266960144043e-01 -1.540531069040298462e-01 -5.007695555686950684e-01
4.262217134237289429e-02 7.498906254768371582e-01 6.038067936897277832e-01
4.230064749717712402e-01 3.413459360599517822e-01 -4.281748533248901367e-01
-1.034048795700073242e-01 2.425388898700475693e-03 5.966271162033081055e-01
-2.543779611587524414e-01 7.937666177749633789e-01 5.219382643699645996e-01
5.690933465957641602e-01 -7.624326944351196289e-01 2.096215188503265381e-01
5.415711998939514160e-01 -2.365186810493469238e-02 -2.705206871032714844e-01
5.405740141868591309e-01 2.429242879152297974e-01 2.678568661212921143e-01
3.512094914913177490e-01 6.904599070549011230e-02 4.925215244293212891e-01
-4.322748780250549316e-01 2.718425095081329346e-01 4.255110025405883789e-01
3.877062797546386719e-01 -6.494521498680114746e-01 4.678911864757537842e-01
-4.623897373676300049e-01 3.674720823764801025e-01 3.969916701316833496e-01
-4.612928330898284912e-01 -7.889577150344848633e-01 3.980885744094848633e-01
1.301347017288208008e-01 5.228327512741088867e-01 5.246306657791137695e-01
5.260152220726013184e-01 5.760821104049682617e-01 2.401352226734161377e-01
5.097611546516418457e-01 -5.538225769996643066e-01 -3.176873028278350830e-01
-3.349500894546508789e-01 -4.408420920372009277e-01 5.101715326309204102e-01
5.903332829475402832e-01 2.718425095081329346e-01 -1.310151964426040649e-01
-3.903933167457580566e-01 7.585661411285400391e-01 4.620078206062316895e-01
-3.173997402191162109e-01 -5.364717245101928711e-01 5.183484554290771484e-01
4.819398224353790283e-01 2.110145241022109985e-01 -3.589705526828765869e-01
5.065701603889465332e-01 3.848230242729187012e-01 -3.223740756511688232e-01
5.863445401191711426e-01 3.848230242729187012e-01 1.412149667739868164e-01
-4.462354183197021484e-01 -5.842353776097297668e-02 4.137443006038665771e-01
4.965983629226684570e-01 7.905756235122680664e-01 -2.924586534500122070e-01
4.923104941844940186e-01 5.064790248870849609e-01 -3.437137007713317871e-01
4.474374055862426758e-01 6.890626549720764160e-01 -3.649536371231079102e-01
2.621613442897796631e-01 5.354969501495361328e-01 5.497596263885498047e-01
3.670646846294403076e-01 -7.825756669044494629e-01 4.818516969680786133e-01
3.617796003818511963e-01 4.978035092353820801e-01 4.854415357112884521e-01
5.124534964561462402e-01 -2.554663121700286865e-01 3.261918723583221436e-01
4.549162387847900391e-01 -2.062056213617324829e-01 -3.998549580574035645e-01
3.158096075057983398e-01 7.585661411285400391e-01 4.858404397964477539e-01
6.336351484060287476e-02 2.225818037986755371e-01 6.023110151290893555e-01
5.993078947067260742e-01 7.923705577850341797e-01 7.447370141744613647e-02
5.004873871803283691e-01 7.064135670661926270e-01 2.924871742725372314e-01
4.747601151466369629e-01 3.501211404800415039e-01 -3.696404099464416504e-01
2.532109618186950684e-02 -1.975301653146743774e-01 6.050034165382385254e-01
5.983107686042785645e-01 -7.860658764839172363e-01 -7.503350824117660522e-02
5.879400968551635742e-01 4.978035092353820801e-01 1.330380886793136597e-01
-1.133766844868659973e-01 5.934330821037292480e-01 5.689054727554321289e-01
5.763728022575378418e-01 8.063322305679321289e-02 1.923702955245971680e-01
4.911138713359832764e-01 3.413459360599517822e-01 3.559078574180603027e-01
5.299041867256164551e-01 5.934330821037292480e-01 -2.295365929603576660e-01
5.882392525672912598e-01 -3.191861212253570557e-01 -1.370979994535446167e-01
-3.058324456214904785e-01 1.153849512338638306e-01 5.240324139595031738e-01
-1.741049438714981079e-01 5.225335955619812012e-01 2.919175289571285248e-02
-3.504818677902221680e-02 5.225335955619812012e-01 1.508876085281372070e-01
-7.849532365798950195e-02 -7.900546193122863770e-01 3.768486380577087402e-01
-2.697345316410064697e-01 5.225335955619812012e-01 9.002970904111862183e-02
3.299695849418640137e-01 5.228327512741088867e-01 -2.663325369358062744e-01
4.690761864185333252e-01 5.228327512741088867e-01 2.050631307065486908e-02
-1.219524368643760681e-01 5.225335955619812012e-01 3.246960937976837158e-01
5.299041867256164551e-01 -7.900546193122863770e-01 -1.880539059638977051e-01
4.951026141643524170e-01 -7.900546193122863770e-01 -2.402064353227615356e-01
1.561610996723175049e-01 5.225335955619812012e-01 -2.576570510864257812e-01
4.517252743244171143e-01 -7.900546193122863770e-01 2.203910499811172485e-01
-2.522838711738586426e-01 -7.900546193122863770e-01 1.595630794763565063e-01
1.474856436252593994e-01 -7.900546193122863770e-01 3.073451817035675049e-01
6.033963561058044434e-01 -2.757090926170349121e-01 5.426085740327835083e-02
1.037094220519065857e-01 4.456509947776794434e-01 5.996186733245849609e-01
1.719165444374084473e-01 6.325237452983856201e-02 5.806722640991210938e-01
-9.587617218494415283e-02 -7.900546193122863770e-01 3.789713233709335327e-02
2.169890850782394409e-01 -7.900546193122863770e-01 -1.185504496097564697e-01
3.647711873054504395e-01 -7.900546193122863770e-01 -4.033164307475090027e-02
4.318059235811233521e-02 -7.900546193122863770e-01 -2.055045515298843384e-01
3.386450409889221191e-01 5.228327512741088867e-01 -4.902705550193786621e-02
-7.841555029153823853e-02 2.283654659986495972e-01 6.014136075973510742e-01
-8.663231879472732544e-02 4.369755089282989502e-01 5.999177694320678711e-01
5.879400968551635742e-01 -4.929946362972259521e-01 1.330380886793136597e-01
5.797632336616516113e-01 -6.407766938209533691e-01 1.766148507595062256e-01
4.923104941844940186e-01 6.369101405143737793e-01 -3.437137007713317871e-01
-1.615404635667800903e-01 -5.451471209526062012e-01 5.851595401763916016e-01
-1.819826662540435791e-01 3.718608990311622620e-02 5.815696716308593750e-01
4.516255557537078857e-01 5.225335955619812012e-01 2.465171813964843750e-01
2.256645560264587402e-01 -7.900546193122863770e-01 3.855240941047668457e-01
4.429500699043273926e-01 -7.900546193122863770e-01 1.074105575680732727e-01
3.126186430454254150e-01 5.225335955619812012e-01 3.420470356941223145e-01
4.604007303714752197e-01 -7.900546193122863770e-01 3.420470356941223145e-01
1.459898650646209717e-01 -6.929292678833007812e-01 5.896468162536621094e-01
4.923104941844940186e-01 9.801407903432846069e-02 -3.437137007713317871e-01
5.985101461410522461e-01 -3.886895775794982910e-01 -6.656745076179504395e-02
5.998065471649169922e-01 2.196899801492691040e-01 -4.837888851761817932e-02
4.373658597469329834e-01 5.731903314590454102e-01 3.791421353816986084e-01
-3.116160929203033447e-01 -2.496826648712158203e-01 5.212402343750000000e-01
5.746775865554809570e-01 2.023390531539916992e-01 -1.767857670783996582e-01
5.642071962356567383e-01 -2.322320342063903809e-01 -2.073992043733596802e-01
3.903986811637878418e-01 2.544915676116943359e-01 -4.565944969654083252e-01
5.484517216682434082e-01 -3.800141215324401855e-01 -2.532694637775421143e-01
-2.824984192848205566e-01 4.369755089282989502e-01 5.354999899864196777e-01
-3.497838228940963745e-02 1.980524137616157532e-02 6.090918183326721191e-01
-2.475971132516860962e-01 -4.234911799430847168e-01 5.525517463684082031e-01
