2.404470041049981077e+00 1.485613610340611901e+00 1.769217170976759679e+00
1.618321268980260630e+00 2.844871123984343608e+00 1.643058236562896512e+00
1.771804425525624449e+00 2.090871778778823575e+00 2.401463648192973199e+00
1.485155368767261397e+00 1.799532917445756608e+00 1.293935685437227479e+00
9.416038613616005692e-01 2.449910410141927120e+00 1.320444831169490962e+00
1.639893022716622406e+00 1.032070795127155938e+00 1.416684233203792997e+00
1.993417482076511593e+00 2.193008115189425400e+00 1.688935772454069673e+00
1.279681455275414770e+00 2.362598599617586448e+00 1.875144553629960020e+00
1.891975345022319122e+00 1.201253694917987724e+00 1.922171192641552784e+00
1.680413971113956961e+00 2.637502532715432668e+00 2.178385567308576132e+00
1.999935247239944092e+00 1.471786932319766983e+00 1.358465425262203929e+00
1.505822749790707071e+00 2.383433552097473651e+00 1.318020792924857298e+00
2.182529600195473041e+00 1.859058531124939906e+00 2.111823803791933685e+00
9.843270780318208457e-01 1.914380119703545713e+00 1.473536233347368274e+00
1.372792610263809721e+00 1.401954044903789942e+00 1.421171742786620840e+00
2.357809787121441847e+00 1.482230461483787121e+00 2.208680945744862623e+00
2.163105090787563523e+00 1.798529016031887640e+00 1.613054686667004356e+00
1.831491359490024395e+00 2.544627680473150022e+00 1.811260108655067258e+00
1.946337552995977660e+00 2.273803494314690532e+00 2.090302970752779377e+00
1.844552699752676661e+00 1.945695625837432496e+00 1.388767223127448158e+00
1.250260030933695976e+00 2.116154406871570970e+00 1.287147925599094522e+00
2.073552101630076194e+00 1.661422796446921257e+00 2.391736332326822811e+00
1.408383456692510860e+00 2.722525896393769962e+00 1.373537133746697281e+00
1.920045157977903205e+00 1.199071434815148107e+00 1.575554409391796584e+00
1.523900131547588188e+00 2.489197846492988919e+00 1.638610682361458348e+00
1.214278183616856355e+00 2.307912053012902032e+00 1.553643083650667833e+00
1.686733169163777246e+00 1.375183924182210804e+00 1.322988616932715189e+00
1.780146707428847286e+00 2.327863173816969056e+00 1.484137711402111703e+00
1.423469842333019875e+00 2.781493128973435258e+00 2.329174321388349345e+00
1.178989844178156554e+00 1.653392935588899215e+00 1.450147596216601054e+00
1.607010154518826450e+00 2.862824251687236643e+00 1.980860829385457711e+00
1.324673949301573783e+00 2.403888980498707806e+00 2.177257669155657105e+00
2.159162394018591780e+00 1.352375710172283529e+00 1.906579052410377839e+00
2.234640652107505510e+00 1.376420733915275862e+00 1.538731295899485652e+00
8.460365489394819916e-01 2.184516192436745996e+00 1.447098983224464730e+00
1.601886847392449020e+00 2.097344175055034121e+00 1.314281812701982188e+00
1.562235685973336619e+00 2.526398597966006410e+00 1.931144140850695079e+00
1.230397152539424166e+00 2.473950558356172724e+00 1.263614200803018228e+00
2.291131565153828209e+00 1.738063338690886805e+00 1.869954026975918060e+00
2.106622930066762489e+00 1.337761955998565622e+00 2.198040883060853101e+00
2.148611753144746395e+00 1.985272323043715037e+00 1.832662873838038387e+00
1.757358315343952482e+00 1.685237986768939544e+00 1.313718683676428300e+00
1.995966166810739351e+00 1.923970259011454242e+00 2.319897823118680869e+00
1.745779806409828216e+00 2.390231497568135133e+00 2.282964617434966925e+00
1.705729977520448193e+00 1.081958848184240374e+00 1.666442621013526582e+00
1.867494182282933179e+00 1.178059409809197655e+00 1.326961572070910478e+00
1.223436582016846685e+00 1.873504362328882067e+00 1.342009021865736118e+00
1.994009135667428989e+00 1.751411091883035231e+00 1.420128919051148131e+00
1.450096019839747452e+00 1.168560403577702189e+00 1.479420683777560974e+00
1.612878779197186585e+00 2.639238417180641338e+00 1.477325218452842037e+00
2.071101181954595916e+00 2.064496262168317386e+00 2.084974062133271744e+00
1.543116593895524469e+00 1.573555855319756613e+00 1.318515101349394980e+00
1.837823327289699771e+00 2.489825542922304624e+00 2.036672709292076888e+00
1.054159004203769179e+00 2.236900396720796991e+00 1.306313688850844867e+00
2.012145125150193614e+00 1.989149700813033439e+00 1.538500224586739185e+00
2.089366751968237068e+00 1.302005609728256852e+00 1.698190336354215235e+00
2.189215195174868178e+00 1.467171591487964832e+00 2.397568483837865472e+00
2.187919661281793715e+00 1.593726551758529286e+00 1.513296094718781459e+00
2.415386099169679834e+00 1.514897117165667995e+00 1.995229638863589949e+00
1.958931728056065191e+00 2.319848117144113875e+00 1.874174583902342928e+00
1.722794893628287083e+00 2.734606957846916764e+00 1.843956024849932263e+00
1.520975377403602113e+00 2.586686063529471724e+00 2.361999293133013378e+00
2.236124226263502823e+00 1.674623590830804476e+00 2.217754393363690735e+00
2.057614652633521946e+00 1.269115098839926459e+00 1.415074649541319562e+00
1.776073749019915216e+00 2.508753923413772569e+00 1.603751627839818950e+00
1.022924800000588830e+00 2.199946471716102803e+00 1.568451662277813741e+00
1.517785166553116127e+00 2.511860484108098479e+00 2.145149747122158779e+00
1.393914058908571452e+00 2.407788513233643179e+00 1.502680836273661447e+00
1.418796335610851278e+00 2.001558418347950674e+00 1.284748315072657743e+00
1.553561762959522197e+00 2.795415625399680248e+00 2.173849805053555073e+00
1.860169734430196842e+00 2.224603287287974851e+00 2.275472418370104943e+00
1.663956492197903980e+00 1.902350625776179083e+00 1.310836628175759522e+00
1.870892051251498600e+00 2.125337889916058209e+00 1.471992143706872369e+00
1.352479093743336414e+00 1.646991320271660175e+00 1.354068543827999349e+00
7.880105662656819998e-01 2.372119227751471993e+00 1.423157538791540278e+00
1.333383581458473799e+00 2.292963745416030985e+00 1.273077548906941692e+00
2.282033739716755161e+00 1.662328086661758464e+00 1.687285839230641571e+00
1.350986032615855592e+00 2.393582310397096791e+00 1.699169188746774584e+00
1.957830418141072615e+00 1.247621986278891981e+00 2.095058656662507790e+00
1.647827186070655925e+00 2.566004909681653956e+00 1.765478965319528859e+00
1.085501233128642218e+00 2.026081114372232594e+00 1.357418801474748804e+00
1.887042815949861785e+00 2.392828183069050763e+00 1.704734603963019124e+00
1.402742651194957668e+00 2.438949099095102380e+00 2.010425637616629846e+00
1.647744067656955247e+00 2.448422422495186712e+00 1.418590993622559138e+00
1.818877629792079231e+00 1.510201434251122743e+00 1.315805334962854234e+00
1.398010374076658069e+00 2.541451458417495868e+00 1.304771681738436717e+00
1.143897252554926247e+00 2.276897409864416133e+00 1.721113086305318562e+00
2.309807791422767487e+00 1.678526864414623621e+00 2.049992116002174569e+00
1.636295906201270300e+00 2.283881927695500469e+00 2.403413484039311765e+00
1.716346956112031252e+00 2.616593822818906290e+00 1.982537515405094153e+00
1.615120218092971127e+00 1.206878656605940847e+00 1.371482630962657545e+00
2.050054615455656926e+00 2.160757471837046140e+00 1.856607169617148889e+00
1.784358821765330561e+00 1.117445885522688087e+00 1.491254522157676732e+00
1.841213867425822936e+00 1.163615024632353334e+00 1.750918758100115102e+00
2.250023594517680969e+00 1.396587937350394215e+00 1.758864391404335814e+00
1.518824879416479368e+00 2.789257076145411407e+00 1.498353637335175792e+00
2.123391804662786431e+00 1.804030832808399376e+00 2.265953732185693514e+00
1.742661213380633400e+00 1.115067500368639886e+00 1.897490612147213263e+00
1.050583407749354325e+00 1.753273425389693552e+00 1.502821543935064730e+00
2.253923224992647079e+00 1.416151133294640374e+00 2.091488785253827309e+00
1.697401494690555124e+00 2.695069003125140750e+00 1.638761104715442229e+00
1.452074648751665142e+00 2.457524311033998821e+00 1.823649027590263261e+00
1.675860466320870046e+00 2.252948242028080195e+00 1.376023121625822077e+00
1.970547491864085066e+00 2.114126459051098195e+00 2.216383113922658410e+00
2.309560127289735032e+00 1.510552699426326972e+00 1.599993517473395466e+00
1.621165389670155665e+00 2.862309900769004933e+00 1.815900261416404593e+00
1.459772258369403941e+00 2.175160852771824249e+00 1.283171130067793708e+00
1.946474146974742192e+00 1.761011785469277502e+00 2.424567685225699432e+00
1.258970125211200664e+00 2.629283027312728116e+00 1.302188508794615673e+00
8.764523452437040785e-01 2.034589221606399878e+00 1.501477810505275512e+00
2.028356882135587291e+00 1.274905480297553906e+00 1.849075286941414209e+00
2.210869840774882800e+00 1.875755947666625012e+00 1.932759262209007511e+00
1.402597306736660165e+00 2.454485871899088067e+00 2.307769063558519296e+00
1.892037246964502151e+00 2.263096737307217943e+00 1.577808095765810270e+00
2.106035695689294940e+00 1.965308263424146329e+00 1.665746442166425423e+00
1.080872264884999545e+00 2.525413023668199308e+00 1.255959979909515356e+00
1.498585000495460173e+00 1.311821331319457329e+00 1.391708640307889322e+00
2.145178071820014409e+00 1.417342387473774057e+00 1.416042435380410858e+00
1.846731722416356636e+00 1.356202630430670908e+00 1.321067759300510458e+00
2.218643228565065684e+00 1.823430168072925461e+00 1.761238360748557774e+00
1.611057096742609218e+00 2.437822918104917580e+00 2.367111189254992532e+00
1.851303052695971951e+00 2.364371520739777299e+00 2.170811170246691013e+00
1.909290413336007131e+00 1.643583299341946136e+00 1.351654304447764465e+00
1.197364251915119304e+00 2.288393058537538494e+00 1.342060971656147572e+00
9.687661850853938050e-01 2.120943159331774908e+00 1.380680633391092371e+00
2.291370653704632776e+00 1.429904908407574116e+00 1.946800477523887185e+00
1.288401415655531457e+00 1.524527248511910793e+00 1.427523000437032286e+00
1.759192314878855523e+00 2.512274835916509019e+00 2.174089575380753203e+00
2.066920457898154595e+00 1.623027339670354063e+00 1.426835925159211316e+00
2.077425108977599244e+00 1.312611634186764187e+00 2.037754822980633040e+00
2.047062126547873895e+00 1.529292249451611241e+00 2.451192781101843021e+00
1.876794416558153378e+00 1.989307269058510741e+00 2.382508235416459286e+00
1.620171354987826717e+00 1.736745536971318060e+00 1.300917892793002961e+00
1.527537289082910865e+00 2.547935977290253451e+00 1.371631189517635629e+00
1.867374567629135118e+00 1.793786363661693972e+00 1.361388411674818499e+00
1.068014556953674532e+00 2.382360737574729548e+00 1.278961824301269479e+00
9.420636836674194381e-01 2.305062454933011207e+00 1.364695501554977097e+00
2.059651296903997064e+00 1.854673932960416716e+00 1.518312192836736463e+00
1.737235998770460199e+00 1.126191241554536315e+00 1.353344838522194671e+00
2.363118340526456862e+00 1.610273894837431108e+00 1.902713420189300120e+00
1.964823952054526091e+00 1.232508832395338150e+00 1.728659570924355515e+00
2.087236012971918964e+00 1.930023588337578699e+00 2.209829393497561245e+00
1.345283227350274613e+00 1.802303008728260325e+00 1.319192791543896348e+00
2.243843834242754909e+00 1.419483884007811891e+00 2.265161881136514399e+00
1.313300105852070132e+00 2.356445738054127048e+00 1.398161674644796015e+00
1.600452927088349631e+00 1.017781289810860468e+00 1.585343235048421340e+00
1.732537626012528253e+00 2.097740682970046233e+00 1.366486136805683982e+00
2.131845185764309480e+00 2.012730790296933581e+00 1.969115711910006894e+00
1.098937865568470063e+00 1.866012853403917537e+00 1.405530657413502027e+00
2.209138715515398754e+00 1.585613356476375468e+00 2.320855318505224751e+00
2.065406853232142126e+00 2.082701939435957605e+00 1.727988235268492767e+00
1.073690450601457735e+00 2.222275341163982176e+00 1.442597051004383735e+00
2.098119408943413422e+00 1.341402680262353098e+00 2.354560216129199191e+00
1.664831044363210388e+00 2.731509369486326833e+00 2.036540297239354480e+00
1.660344187077804623e+00 2.531562295105749705e+00 2.279857991430479736e+00
2.019523577292558159e+00 2.200791809628735329e+00 2.001304430220628205e+00
1.848706472876775919e+00 1.183160546283484438e+00 2.048610203215218917e+00
1.332393389175404064e+00 1.303229421935693022e+00 1.505261607718666461e+00
2.105702425086602325e+00 1.729972926906517383e+00 1.501719612005271376e+00
1.561504180919486062e+00 2.705008130524058529e+00 2.270938803331297162e+00
1.686126321805965222e+00 1.514247085971678120e+00 1.309913016109342854e+00
1.918508693321264502e+00 2.382488532767432776e+00 1.983820152279211602e+00
2.056793494027628899e+00 1.276648125053382543e+00 1.572556044663057762e+00
1.582077506976411474e+00 2.515722487420855025e+00 1.513885810703905044e+00
1.240028382533406637e+00 1.744270132453819011e+00 1.374768467405545813e+00
1.411614311312066494e+00 1.531402477073403379e+00 1.362809793989875118e+00
1.279559051952434245e+00 1.984095429996330484e+00 1.302704542057358417e+00
1.546201283210776545e+00 1.954250519642096950e+00 1.291596228002701130e+00
1.625013838065782590e+00 2.568384917088832875e+00 2.060212624645968660e+00
1.952555234217698388e+00 1.895516233964902097e+00 1.438332612392240195e+00
1.553190784243284384e+00 2.256870758762723472e+00 1.317641559303223575e+00
1.774918524591324820e+00 2.596006752389495631e+00 1.708274241869776944e+00
1.894467300649877339e+00 2.433042870043261807e+00 1.868198292344303679e+00
1.760179672463448419e+00 2.211942255600837459e+00 2.362670419351591278e+00
1.963742030651306036e+00 1.273254012591507944e+00 1.328849715119673869e+00
1.562998395061585999e+00 1.406892411562469913e+00 1.341383488334974228e+00
1.426569595169769444e+00 1.068780549739915653e+00 1.551608616410553143e+00
1.952791467061889774e+00 2.296669385712480249e+00 1.750133306789804832e+00
1.410157025059188385e+00 2.643656111089854654e+00 2.365040352382109745e+00
1.670068876567340599e+00 2.571053673963681785e+00 1.619338312140287783e+00
1.656857957464441977e+00 2.771684677928638152e+00 1.740351442014722361e+00
1.917208017654562502e+00 1.191007498486153837e+00 1.452622454120301221e+00
1.889163733623486108e+00 2.093134163412266435e+00 2.319060432328742927e+00
2.337428853626692948e+00 1.587365862883458600e+00 2.125995934280326072e+00
1.248032760704657296e+00 2.337010193104901212e+00 1.740707710631926197e+00
1.721492954504540540e+00 2.612625684559147121e+00 1.860645820325842026e+00
1.772149909471596230e+00 1.253847067377680258e+00 1.326230248259666400e+00
2.045835108466516505e+00 1.773697467999396427e+00 2.356539727424368014e+00
1.840624970883155465e+00 2.370970652338768581e+00 1.588708949307515050e+00
1.484294535040185048e+00 2.455699223378289719e+00 1.433766918959757497e+00
1.921768399056390741e+00 2.010282728727019741e+00 1.464215974649133889e+00
1.776633961023089681e+00 2.222181346804062319e+00 1.430312196694449423e+00
1.384745862059974852e+00 2.424348928364049360e+00 1.315027812394197193e+00
2.192961206511126804e+00 1.358411057536796473e+00 1.647822111520206301e+00
1.162449650963694792e+00 2.293405158873779826e+00 1.836755311622232378e+00
1.539979068757182601e+00 1.029295900803568031e+00 1.478459225455243775e+00
2.000999582770120355e+00 2.166068746885342566e+00 2.116148848353812451e+00
1.203258180377743125e+00 2.323357121762976263e+00 1.954661216708720950e+00
1.801175062769530211e+00 1.133870457784444508e+00 1.624284895957132768e+00
1.768181379415650456e+00 2.582607153938206057e+00 2.081708618853067350e+00
2.222274225650209267e+00 1.482196702788419307e+00 1.491996581567803792e+00
2.242952858620486989e+00 1.808540641289702711e+00 2.021766381758379971e+00
2.003798168482934461e+00 2.084377042806697666e+00 1.603757277123568858e+00
1.752165582778366204e+00 2.436976791795319564e+00 1.510728367566618990e+00
1.840393203582656900e+00 2.525445480480597027e+00 1.925096468523167736e+00
2.360096945716634753e+00 1.476667402519653560e+00 2.093782830264972361e+00
1.066574443162262797e+00 2.237614979336494336e+00 1.809093583135774841e+00
2.346280025563382665e+00 1.555870424637924687e+00 1.698247876897345465e+00
1.612333472525456779e+00 2.353276931903526492e+00 1.367284245664380782e+00
1.250400024113826447e+00 1.378052702560309761e+00 1.535514467145340456e+00
1.761848015620330221e+00 1.849179313315988615e+00 1.332412057815754336e+00
1.625967974082879408e+00 2.741467304936903382e+00 1.563616782261927352e+00
2.124930044787910699e+00 1.965662871450527316e+00 2.098025520287495560e+00
1.518668108712850184e+00 2.657625468753931575e+00 1.398399277093800519e+00
1.548845626795116059e+00 2.510033214360219311e+00 1.763811533908692164e+00
1.370114485740450583e+00 2.103903255359296676e+00 1.280059599762400913e+00
2.157425836131783736e+00 1.685611973650828155e+00 2.311650956738331875e+00
1.991872220096756463e+00 1.261286177454214341e+00 1.985160073714119955e+00
1.422335726585468585e+00 2.459824055921485897e+00 2.187224456619158985e+00
1.667076330165774278e+00 2.777532996602735782e+00 1.934314894846405952e+00
2.124463023034826925e+00 1.393403889747103275e+00 2.458083404435799313e+00
1.416775084522935435e+00 1.890483202627818882e+00 1.291694689036790855e+00
2.422520354795298037e+00 1.502097637327257651e+00 1.885012622360288104e+00
1.924876835239391681e+00 1.867281237469571753e+00 2.402074422434466339e+00
9.306027687185282060e-01 2.144629236214278034e+00 1.506043887897694056e+00
2.243297301018720269e+00 1.744260566958476533e+00 2.131857694760460831e+00
2.326255646539645117e+00 1.435888612940379616e+00 1.679575584756543005e+00
1.229413795936334930e+00 2.363539438408008397e+00 1.266719072174226302e+00
2.336188083815611272e+00 1.629394460871977479e+00 1.797537401068403318e+00
2.148160092288198264e+00 1.324691486517614036e+00 1.494502269017097484e+00
1.935097007854859719e+00 2.156471613728245806e+00 1.555529152360962009e+00
1.457560879123701136e+00 1.646006868534790391e+00 1.323114921686210810e+00
2.037318474963049741e+00 2.030738368669323890e+00 2.193618986120914993e+00
1.542952032181973632e+00 2.532770601231104646e+00 2.270044218867582675e+00
1.147669399417642122e+00 2.149248901299447567e+00 1.301209233976335922e+00
1.688117846530471811e+00 1.065324453323470033e+00 1.542302936969274008e+00
1.559481451991747036e+00 1.127661214321548089e+00 1.421186866207785116e+00
1.440536690006285703e+00 2.294732355928416290e+00 1.290398635506455616e+00
1.747983550371235095e+00 1.991937326436453937e+00 1.347576054060597217e+00
2.130527941792967894e+00 1.522694521313147531e+00 1.435686351196270527e+00
1.627579965628294767e+00 2.813644336456830430e+00 2.095951659517872656e+00
2.288587690278283127e+00 1.555672144921137035e+00 2.245703893604526158e+00
9.602767756508000518e-01 2.028622633074788517e+00 1.434508753008271187e+00
7.601948845694630474e-01 2.238938172018551942e+00 1.489878465275594532e+00
1.390588426814557410e+00 2.427185456406764530e+00 1.904319503597893481e+00
2.185040932375782230e+00 1.705037613618380243e+00 1.567888774276691155e+00
1.251450125643548184e+00 2.225796691465991461e+00 1.271353238798169638e+00
1.432182421218681778e+00 2.437164172049952615e+00 1.646462654503091150e+00
1.673331360397361856e+00 2.185508596930222147e+00 2.416831677937400169e+00
1.605361517539229732e+00 2.563344896953437146e+00 2.180581761537063734e+00
1.959784332582596322e+00 1.659617747529072762e+00 2.450003335618019751e+00
1.505385194188514797e+00 2.060945059589824879e+00 1.286872196308772365e+00
1.018780371717610267e+00 2.203839051044824249e+00 1.681508774901922187e+00
1.295431264784958625e+00 2.351627575831455985e+00 1.501093745617121833e+00
2.017281390976978450e+00 1.286132587610423039e+00 2.180125924075188237e+00
2.163813820865301274e+00 1.364360846785777071e+00 2.081908668631919035e+00
1.091456094913844987e+00 1.657362608352708211e+00 1.521024811198031568e+00
2.160061170095458838e+00 1.923119430322351331e+00 1.749758957513395385e+00
1.682004139497224937e+00 2.525886290721051974e+00 1.487692502195175903e+00
1.933205527285045910e+00 2.220918242527522235e+00 2.178323649861312994e+00
2.245086743719957312e+00 1.623863392458856136e+00 1.594063604360596464e+00
1.837303126935208475e+00 2.048786617453339787e+00 1.411707184301253193e+00
1.709955432564562505e+00 2.675120227228103609e+00 1.739150231781305900e+00
1.181916322860641522e+00 2.576258856472310121e+00 1.258663838111204303e+00
1.161892326373073603e+00 1.958542081016337200e+00 1.343338995667724856e+00
1.690881611071153090e+00 1.080904743175874705e+00 1.813336332362269765e+00
1.814906795082340984e+00 2.318786015042528792e+00 2.261164589959162807e+00
2.094488136764065533e+00 2.081274021123623363e+00 1.900609402812648563e+00
1.592848414512052502e+00 1.303175093449033373e+00 1.352816778679338139e+00
1.503251872602639372e+00 2.822016913133430283e+00 2.257063532984313614e+00
1.206561337036673454e+00 1.550613890339028078e+00 1.479756140362264105e+00
1.356280589629762945e+00 2.629100733408614499e+00 1.329621034105924693e+00
1.172661076377891742e+00 2.053110940792512551e+00 1.311593054828403160e+00
1.625465499286936177e+00 2.726789087998629846e+00 2.179209842957694487e+00
8.436605821493764479e-01 2.283585505314584374e+00 1.433167113631609979e+00
8.593782664022536766e-01 2.367462696180325121e+00 1.353895287222354193e+00
2.060761829251682720e+00 1.353448301255567587e+00 1.362824670660149673e+00
1.102840002678040499e+00 2.247366167749972554e+00 1.603059497392201882e+00
1.504907553435728795e+00 2.499595842392163814e+00 2.047689219750581824e+00
2.114649565784855856e+00 1.322785656660744324e+00 1.823276391664364837e+00
2.217787782302299782e+00 1.390744829917741621e+00 2.000189615001845667e+00
1.728668522907236493e+00 2.303196334515754007e+00 2.341567673931279625e+00
2.175959520946314285e+00 1.929897689061016886e+00 2.007366009364450310e+00
1.494273727557839493e+00 1.476904678781554070e+00 1.343579184272397642e+00
1.795763509297031435e+00 1.149088887601235065e+00 1.972990945163136889e+00
1.624707918528691453e+00 2.621328490579043713e+00 2.262684469327059134e+00
1.426324011829172012e+00 1.273659210889312998e+00 1.444842821488869777e+00
2.132546985462121736e+00 1.584402962032094742e+00 2.383199940816583595e+00
1.464506952704349274e+00 2.450472198079589603e+00 1.553925923622763161e+00
1.887820864667877130e+00 1.185429786835429988e+00 1.668070470350556000e+00
1.345361274780410898e+00 2.385780861959078791e+00 1.602569391954348221e+00
1.224664795306368514e+00 2.309009888250843634e+00 1.449983795646332396e+00
2.363247491382735710e+00 1.597311907250573260e+00 2.032796033933429669e+00
1.938318540634219600e+00 1.223382907912155870e+00 1.839515602202262734e+00
1.356177894494593916e+00 2.402015303131411095e+00 1.795868496558371774e+00
1.912723595577963120e+00 1.426636802498818524e+00 1.329670108776238813e+00
2.295660747747477526e+00 1.725574295562057214e+00 1.966683604647122108e+00
1.315826604579110937e+00 1.895251053224160653e+00 1.309993477169843601e+00
1.291291140217790456e+00 1.438295983132151568e+00 1.469550173166076501e+00
1.211863863338820568e+00 2.312061270084295295e+00 1.649609811542529059e+00
1.472351000650690800e+00 2.474693276293818744e+00 1.921700922287106650e+00
1.646390714509628372e+00 1.601784719454842909e+00 1.305698306982282952e+00
1.901500237710998853e+00 2.357832338178304621e+00 2.077454170312755366e+00
1.974276119767841786e+00 2.284634842529596810e+00 1.988990024829114578e+00
1.948880241753265574e+00 2.006882088428449507e+00 2.315444349396170498e+00
1.127733538888771925e+00 1.734326474909141380e+00 1.449877187083773222e+00
2.188987471941785223e+00 1.757754590304781539e+00 2.213461300102362195e+00
1.605208367086387256e+00 2.548886103915323886e+00 1.427098035260563114e+00
1.820350417528363351e+00 2.512687701890129688e+00 1.705680782102582338e+00
1.708521739765783032e+00 2.367975526959487542e+00 1.436473131154582861e+00
1.049341184031818974e+00 2.144720111825824116e+00 1.336715925049775100e+00
1.323223451618732893e+00 2.486447398298575973e+00 1.278124393804894954e+00
1.840508359693242335e+00 2.239541119581966999e+00 1.498185656265009102e+00
1.542425423656693440e+00 1.682387612682973321e+00 1.301259704187156752e+00
1.489423762304846077e+00 2.687525469358820196e+00 2.338001838113061392e+00
1.921546549548967642e+00 2.374656488290287637e+00 1.793593152236417243e+00
1.648350863228012830e+00 2.573696338585858889e+00 1.905482157891460027e+00
1.837234404848580249e+00 1.144001727374715394e+00 1.418323204607454757e+00
1.776951279219359359e+00 1.426429425004494433e+00 1.316328153325174943e+00
1.138282857125390235e+00 2.441524529077732542e+00 1.260584306650545328e+00
2.273002109089206524e+00 1.491621676833197796e+00 2.317321642777436352e+00
2.271029782765471516e+00 1.413155719693070633e+00 1.848498479152172358e+00
9.360210006304771069e-01 2.211621301139889084e+00 1.367546823852866966e+00
1.723014535492016996e+00 2.666444458658152161e+00 2.069773750799202006e+00
1.937994151721145863e+00 2.272657076159537937e+00 1.660940893739856428e+00
1.771484745519770199e+00 2.001867135998181446e+00 2.429572260206060541e+00
2.144419281276406686e+00 1.880182393522535023e+00 1.653587699919762066e+00
1.677360745852738200e+00 1.809398966897055372e+00 1.304519875529910999e+00
1.483955796642714375e+00 2.478033368283997007e+00 1.329236507807328715e+00
1.979540799881851942e+00 1.229573154524331580e+00 1.511749929946482718e+00
2.223164957969300470e+00 1.370870420288926805e+00 1.447196020515720383e+00
1.281686470576387293e+00 2.370286331349194864e+00 2.006493392374437246e+00
2.007008669738310935e+00 1.570748411873203132e+00 1.379851111358264770e+00
1.610471819146349182e+00 2.540285531276383679e+00 1.682705429998642366e+00
1.145569649006153989e+00 2.325965083504209829e+00 1.273501240377978849e+00
1.617591116910962690e+00 2.187214893717255304e+00 1.328229543614007468e+00
2.305183411347502265e+00 1.419190085096790455e+00 1.589904151461033477e+00
1.544694324621065817e+00 2.700813422306847844e+00 1.480377979554249768e+00
1.718820893787686543e+00 2.686317983358935013e+00 1.921447948250842641e+00
2.258870911187961017e+00 1.743007235729119309e+00 1.745754442952571317e+00
2.161735038001006970e+00 1.345021282943910101e+00 1.732122234940037586e+00
1.146182267380319253e+00 2.265350297896821630e+00 1.476592802817400685e+00
2.135274286943830813e+00 1.312382303435618125e+00 1.397503072045001238e+00
2.002613698726263269e+00 2.219420966503504733e+00 1.774501764344437404e+00
1.432180330972866900e+00 2.460774958450549388e+00 2.092266835543667547e+00
2.008414457760200555e+00 2.231988549553598489e+00 1.890856134529802057e+00
1.850450127968696679e+00 2.430442485141746989e+00 2.102042035239777729e+00
2.063733811948543995e+00 1.300494351548547201e+00 1.948915900771243104e+00
1.652951946129115779e+00 1.118889150964409662e+00 1.381410360444258689e+00
1.870048022141634458e+00 2.465099168025489451e+00 1.788685062201286424e+00
1.449844516585997667e+00 2.591153432825285208e+00 1.369740454111771477e+00
1.363313187884110267e+00 1.221447913010448305e+00 1.522179498657054930e+00
1.759696663506193914e+00 1.596596996099162613e+00 1.310308988279609066e+00
1.578711828113269489e+00 2.351407753148214042e+00 2.408164594705197725e+00
2.384170307534338562e+00 1.558328696101139110e+00 1.828066733944917033e+00
9.857128483898585092e-01 2.357300126556677977e+00 1.300077228955693887e+00
1.400079998901486267e+00 1.732450582664407879e+00 1.320161570436213738e+00
2.064690167794052122e+00 2.116934141879644127e+00 2.013969977915249121e+00
1.796190803840544303e+00 2.601702041003888688e+00 1.946951401352770450e+00
1.711943784008582492e+00 1.074304751686370185e+00 1.457342784130815305e+00
1.724656906826648184e+00 2.477521367598983115e+00 2.252679119231368432e+00
1.478023534211214240e+00 2.740662075878726789e+00 1.436854634968963929e+00
1.582648636050721924e+00 2.823558747590469764e+00 1.565039058446302978e+00
1.903317393852371753e+00 1.556075050802668391e+00 1.340599195738708893e+00
1.149862402401109263e+00 2.238739451881953002e+00 1.286553622790803431e+00
1.664642884521386978e+00 2.003419530076770094e+00 1.321744031881039172e+00
1.019449601532164573e+00 1.834814624332871791e+00 1.486182150208250174e+00
1.773944699514849788e+00 2.637085677023330632e+00 1.785931122053077580e+00
1.794260741520773195e+00 2.423638258089363173e+00 2.200336019854175706e+00
1.430839195631027350e+00 2.441001344064569256e+00 1.733888555091640082e+00
2.190423642202406818e+00 1.365908917341557505e+00 1.822467045152143417e+00
2.169745490613466554e+00 1.376411739956922009e+00 2.248585958461076562e+00
1.384179291189734151e+00 2.221577908538866275e+00 1.277094089292224011e+00
1.839925000166526381e+00 1.167245540942822402e+00 1.837969211672368486e+00
1.581513600769868910e+00 1.874654741067899089e+00 1.295313501887884078e+00
2.354578399178944625e+00 1.460563895415354807e+00 1.848659475852216350e+00
1.325994412860983740e+00 2.400057535376870721e+00 2.089828393519482574e+00
2.068513291026538692e+00 1.939948594723608810e+00 1.583363941980337808e+00
1.570564031973031183e+00 2.472450005802123929e+00 1.375395620324370460e+00
2.037211247523528002e+00 1.275508163994287125e+00 1.762607973840981446e+00
1.760502089185670416e+00 1.116026895163428012e+00 1.724558075746752905e+00
1.516473467834584143e+00 1.203124511682768905e+00 1.417342794167975040e+00
1.030842130885428753e+00 1.977125437952665044e+00 1.403899121214666312e+00
1.273305295858935482e+00 1.663492217896487935e+00 1.384577471698043682e+00
2.055149480464768086e+00 1.846691896649054643e+00 2.311469017946819360e+00
1.941072097094777682e+00 1.200299201575187213e+00 1.367853801298512861e+00
2.018703057199364714e+00 1.259146553191487827e+00 1.647172027709558728e+00
1.313340917414612008e+00 2.381245076365481772e+00 1.269460407705777838e+00
1.826237550860756231e+00 2.445127162716573821e+00 1.629980039218483778e+00
2.104702249254903457e+00 2.056169388204635684e+00 1.816244700298594861e+00
1.856732026002107183e+00 1.261949279190865525e+00 1.324156778648680532e+00
1.111543029462181753e+00 2.239956697468770130e+00 1.368193165120373367e+00
1.652370350884771133e+00 2.633129120830721703e+00 1.564922017450608216e+00
1.736525419952474891e+00 2.620602080616937446e+00 1.636969164508997876e+00
1.675563501874689720e+00 2.441817872812817480e+00 2.313301016097792484e+00
1.019985930613759750e+00 2.486116929601709380e+00 1.297680347081913155e+00
1.168399773087751115e+00 1.824228029895868852e+00 1.382196221921460744e+00
2.225973232769336008e+00 1.712242072021334272e+00 1.640146765172976417e+00
1.632699058980687123e+00 2.864592128555126127e+00 1.733086936397089994e+00
2.024710769470321470e+00 1.977772052939672065e+00 2.257059463361419827e+00
1.542665532367604397e+00 2.625206682349978227e+00 2.291674231510690163e+00
2.290281347247546950e+00 1.441588169782011208e+00 2.182678358050656797e+00
1.527267242070868392e+00 2.442116348006300619e+00 2.403375747341152557e+00
1.677519311816163761e+00 2.813114096554382826e+00 1.860391441443899119e+00
1.849336544459685205e+00 1.156075124528111564e+00 1.524334234424650214e+00
1.486981182415693103e+00 2.499079327974103482e+00 2.220508591118840691e+00
1.787153543354549567e+00 1.759894259945625317e+00 1.330026605836057474e+00
1.516956276396534964e+00 2.496198866996937049e+00 1.856529599343992976e+00
1.428495762704694139e+00 2.421518225007755376e+00 1.384045308146454545e+00
2.254302226499357964e+00 1.546770752945692884e+00 1.552717931161385456e+00
1.543241050810566506e+00 2.163815061206985746e+00 1.305039292153209241e+00
8.687236092946524213e-01 2.108583099459004906e+00 1.467391098042452713e+00
2.073397616856710091e+00 1.431625325170628571e+00 1.380524691258602887e+00
1.838945690318577020e+00 2.154960473168970658e+00 2.328260812201869978e+00
2.360992226448234810e+00 1.468969713294307367e+00 1.936786485988728934e+00
2.330265900304642201e+00 1.455465378337023052e+00 2.011916318556000061e+00
1.601165353104453626e+00 2.543922218566937676e+00 1.847854659964817126e+00
9.379341295451615323e-01 2.152448383553325684e+00 1.585693621176392565e+00
1.528747301076030407e+00 9.746402772945845783e-01 1.543137564032063036e+00
1.878660006476216227e+00 1.813265679316300227e+00 2.439247882951777857e+00
1.365907069735978530e+00 2.750931661391266658e+00 2.374455346298892877e+00
1.598926252086507738e+00 1.475364164572958492e+00 1.323484320710218043e+00
1.676380285450728813e+00 2.712503073897253980e+00 2.119870076350605537e+00
2.186419600778383376e+00 1.912605375956853759e+00 1.823852280041247997e+00
1.439317840442223551e+00 2.570598367139398377e+00 2.374189563790744639e+00
1.951836000110768188e+00 2.199151946780168565e+00 1.619909993728847475e+00
1.323057382759083467e+00 1.719976230911916204e+00 1.344469141750905816e+00
2.257377686399384853e+00 1.794548916824004969e+00 1.913464590541457566e+00
1.987338518360333373e+00 1.821722059258404913e+00 2.379318829205769426e+00
2.115222387214581001e+00 1.807929813563334154e+00 1.548232671056514409e+00
2.209063257393463875e+00 1.784417295969409567e+00 1.675325411436197509e+00
1.279536984124856280e+00 2.346845478301322174e+00 1.577857704320227983e+00
2.091173698445538243e+00 1.333131964062824526e+00 2.275171016779537148e+00
1.613285811058933206e+00 1.029915137218177623e+00 1.682867981565785875e+00
1.344862001807036300e+00 2.029634866096642121e+00 1.283033031854176498e+00
1.484693901118944170e+00 1.098793388822399519e+00 1.487367351119707415e+00
1.241743092985337471e+00 1.597722133614154050e+00 1.427887688394076537e+00
1.649640189706021998e+00 2.369941780136383347e+00 2.370551293049597330e+00
1.440618291356538849e+00 1.369411535476186437e+00 1.399946293529974017e+00
1.467061077978474515e+00 2.494000182564293677e+00 2.340606266583131756e+00
1.705199635134090563e+00 1.196994323468783428e+00 1.348087043027843768e+00
2.113143885209286310e+00 1.311122365096780040e+00 1.613350359637520715e+00
1.294263863395080705e+00 2.359653301067476505e+00 1.658330154380946997e+00
1.783500899359478975e+00 1.132802931590318085e+00 1.796891598452540428e+00
2.140844235629337788e+00 1.347618648373699823e+00 2.009477719975375276e+00
2.024321715203369010e+00 2.101336266926953300e+00 2.151983827747845357e+00
2.331931530667497476e+00 1.443988100360864335e+00 1.776478380957719372e+00
1.081397870184971799e+00 2.311743371319273432e+00 1.314513283055842141e+00
1.315969826337440640e+00 1.588157414006218904e+00 1.388767997180627267e+00
2.032505849297772560e+00 1.610065666266229156e+00 2.432379565635415464e+00
1.725475603616114739e+00 2.704635143876984671e+00 1.996302200681539185e+00
1.906645126649510802e+00 2.294840085941282748e+00 2.152719874219592100e+00
1.806619450361919732e+00 2.586866603893279049e+00 1.872309758563270865e+00
2.037007905248809259e+00 2.151699578560701376e+00 1.763773231581567069e+00
1.835471920542440794e+00 1.650776991417567396e+00 1.331808562511848981e+00
1.582894345594900054e+00 2.550192949773155249e+00 2.332845886850852146e+00
2.101322192735561867e+00 2.015319686100168983e+00 1.724374864753010383e+00
1.650330590880691783e+00 2.771520739944070666e+00 1.629130357991775080e+00
2.294493337352244922e+00 1.706295729512142367e+00 1.801261524869220754e+00
1.859973405808207580e+00 1.901665943445522755e+00 2.419913727191500996e+00
1.933570538585789755e+00 2.093035273267155993e+00 1.515039990331809250e+00
1.768820765270753714e+00 1.351747010990482556e+00 1.317801043222784685e+00
2.021865270178213159e+00 1.817157379916413573e+00 1.465313941039730450e+00
2.226789983022563035e+00 1.414559756098980436e+00 2.359371064585674027e+00
1.949691768199563358e+00 2.075523145017572624e+00 2.278487267847068232e+00
1.555225014496801617e+00 2.604817334870851209e+00 1.443976578423662893e+00
2.058622510892659463e+00 2.006481088190062767e+00 1.624803239407496047e+00
1.908024210568931345e+00 1.202200594071729078e+00 1.766387869543500688e+00
9.745215892810052960e-01 2.166222603476309239e+00 1.449770423233918359e+00
2.107109938453211040e+00 1.333955273270852393e+00 2.119572934835977751e+00
1.691328261437210712e+00 2.587849419006319263e+00 1.708688565567753281e+00
2.227537595312738539e+00 1.391443513710031388e+00 1.905119376102843320e+00
1.573926592052492079e+00 1.800291683555334199e+00 1.296871875933609530e+00
1.577033579512757466e+00 2.028094520960686431e+00 1.300120636474518809e+00
1.639763604633248217e+00 2.550086686354087639e+00 1.546072456095551440e+00
2.020583222459544803e+00 1.282557240599169424e+00 2.075495719985673837e+00
1.877535991275042226e+00 2.450041819810734989e+00 1.988349080669719715e+00
1.225122687898531071e+00 2.328245050744674138e+00 1.817065015394966565e+00
1.618832540570999123e+00 2.560777331994432249e+00 1.972143283083409804e+00
1.491683040851372821e+00 1.873428402657092207e+00 1.291502556134267454e+00
1.712853172558971737e+00 2.566911315344871714e+00 2.192906157546040458e+00
1.635810016212102758e+00 2.879975013023803765e+00 1.914829532531215239e+00
2.151590380513378253e+00 1.666656032425692491e+00 1.514150986533988830e+00
1.022299293187580727e+00 2.070931218983910416e+00 1.371806252957677552e+00
9.957908660027956493e-01 2.254873311894866283e+00 1.355862750096171077e+00
1.478311134491946843e+00 2.738497466255589430e+00 2.285695299006540893e+00
2.000196613410144764e+00 1.710980935554061944e+00 2.415769686297234653e+00
1.978213045240869050e+00 1.248966457109820460e+00 1.896177906593356610e+00
2.278448364575823781e+00 1.452737735589388457e+00 1.529836594568228181e+00
1.357351979383253804e+00 1.472133012965818555e+00 1.406288323301466026e+00
2.026734621362094479e+00 2.128147217489825049e+00 1.680456785756596849e+00
2.147211439371005337e+00 1.872264904532066065e+00 2.174504337085145789e+00
2.201059025307349426e+00 1.801642115105924757e+00 2.156325840847675313e+00
7.785206322103247478e-01 2.307752874689502853e+00 1.473596429585679157e+00
1.326609950168877949e+00 2.554813616871799198e+00 1.312368809523660085e+00
1.687784871523838826e+00 1.705230030560284105e+00 1.304525944897518164e+00
2.380892416401506395e+00 1.482791664632759465e+00 1.690844269803895683e+00
1.898452314187174528e+00 1.728048366496114374e+00 1.361272638770941734e+00
1.875258337883060955e+00 1.879810717346595439e+00 1.388403051855017667e+00
1.985646687458580306e+00 1.941364875958510483e+00 1.490655444462422485e+00
1.808951762124707541e+00 2.156962464353453957e+00 1.428982490603222910e+00
1.664127768518407491e+00 2.800093392590877084e+00 2.012377727817497686e+00
2.031991641671883730e+00 1.255817834473596850e+00 1.344656486142775664e+00
2.284601371271380188e+00 1.630739106571522878e+00 2.187396906441901212e+00
1.610867573547404952e+00 1.018110937557933582e+00 1.481788226324461055e+00
2.085489903531061007e+00 1.986722762618648330e+00 2.163386770567334416e+00
1.310105043366677213e+00 1.369699516925860117e+00 1.489588577402434000e+00
9.036098776260088616e-01 2.155465755052522248e+00 1.415444896986075118e+00
1.576675680246615974e+00 2.853775532945654447e+00 2.139292217861247014e+00
1.899535124808391817e+00 2.340745148226929917e+00 1.657199288976403118e+00
1.283800046489212754e+00 2.335670769871947439e+00 1.316449546328900322e+00
1.795334226221353635e+00 2.574238440029095631e+00 2.016044299141007468e+00
1.147764977830555200e+00 2.508198786362850541e+00 1.284428960469631509e+00
2.215662224096524469e+00 1.519803142033096854e+00 2.349117137395572374e+00
1.705007476216375384e+00 1.276081768025283170e+00 1.335460593368221316e+00
1.987175295246039086e+00 1.683815892882111864e+00 1.398687413823484382e+00
1.261922820558602165e+00 1.805340984718804220e+00 1.345675420804814282e+00
1.930361106855366993e+00 1.948751366002630103e+00 2.360070046448948577e+00
1.724138143138942203e+00 2.289043691641955203e+00 1.413739146425871063e+00
1.554529703813289032e+00 2.769494147431450948e+00 2.242251764625220023e+00
2.257682827451118701e+00 1.790565033360804525e+00 1.836495598045940758e+00
1.318749060532924844e+00 2.194562562482940571e+00 1.275066759445429687e+00
2.383905282340253784e+00 1.540870161795759197e+00 2.070015819108209421e+00
1.009685980076939993e+00 2.188876058726263008e+00 1.376084993068821261e+00
1.041583845427851651e+00 1.885252546979891974e+00 1.441795613763344530e+00
1.985840643889761781e+00 2.224725548198437153e+00 2.058586751328264075e+00
2.098186471034798828e+00 1.876472930062253797e+00 1.575901748828069326e+00
1.664035653949402338e+00 2.593970558463356113e+00 2.125436489909795945e+00
9.274700856097741752e-01 2.385843209048921665e+00 1.345959418752524117e+00
2.377866905061829961e+00 1.581819628933039734e+00 1.965573917167909634e+00
1.156753208204546413e+00 1.603129267531662849e+00 1.493899183412948029e+00
1.596654670843186130e+00 2.865043011750691981e+00 2.050439604176642394e+00
1.750037637599642038e+00 1.922799731514439170e+00 1.337012412326745059e+00
2.205738481709396126e+00 1.394104962787658497e+00 2.191041323045923583e+00
2.102817360675509839e+00 1.754280621039155719e+00 2.320559080803194174e+00
1.509464944499100403e+00 2.484080806603191860e+00 1.707375586980471871e+00
2.058135879398059309e+00 1.272868101206445557e+00 1.485248064795060108e+00
1.903218988579729931e+00 2.149063398980300743e+00 2.279204458980424342e+00
1.995039837932657489e+00 1.242128126826237855e+00 1.583504603438917302e+00
1.334844714850295100e+00 2.396544483422801797e+00 1.933344543805130433e+00
1.994137833941151516e+00 1.234228386509447661e+00 1.443355499084828963e+00
1.523855728359491568e+00 2.484947206104186623e+00 1.568873515704713340e+00
2.163188862431817405e+00 1.958973164130948907e+00 1.937188559643505670e+00
1.906714041371817547e+00 1.320502401271011816e+00 1.324671743980060823e+00
1.659303755708724237e+00 1.439472344834230366e+00 1.317858001899945730e+00
1.059112189825900829e+00 2.217830197898200684e+00 1.510912857852503510e+00
1.793109359521665835e+00 2.436681623142942232e+00 1.568821470180359112e+00
2.064219319406530140e+00 2.132804530084615457e+00 1.936625532023873220e+00
2.275785968951633986e+00 1.683264543802150515e+00 2.141238505779779810e+00
1.458017199450149626e+00 1.007069634316215767e+00 1.560458674697654535e+00
2.277058448279243752e+00 1.739639559510543831e+00 2.040646074793083464e+00
1.769809880396207902e+00 1.105185859035391127e+00 1.410996178387704081e+00
1.897643342228154006e+00 1.213339353058484615e+00 2.088944806698153300e+00
1.218229456556530366e+00 2.327536043883716488e+00 1.885989479969786942e+00
1.698117551231617339e+00 2.158015553944640619e+00 1.363527198668979423e+00
1.558439146072514658e+00 2.498492877805503554e+00 2.371686494906469989e+00
1.350301589502777011e+00 1.953153784293705897e+00 1.294153726665595361e+00
2.100859851511497567e+00 2.048933799570207270e+00 2.024371916545073979e+00
1.861869602962834547e+00 2.283711847107356085e+00 2.224520973902247789e+00
1.806474397185510838e+00 2.477291458835084725e+00 2.137792136770205520e+00
1.791527647477371588e+00 1.165199486038078547e+00 1.336837496568681560e+00
2.218137702145515977e+00 1.866211301848844872e+00 1.863196102267366205e+00
1.397037727922809669e+00 1.161965585669497480e+00 1.524937390548676275e+00
1.732517440445142443e+00 2.548751458511749668e+00 1.568853443510925150e+00
1.699695024148669242e+00 2.434342582727106574e+00 1.460324150408772725e+00
1.691756347891791412e+00 2.730558218887867206e+00 1.783452213828697452e+00
1.175329103714791490e+00 1.748950238558703241e+00 1.403238128595167167e+00
1.583175654965657042e+00 2.768291562034447484e+00 1.517841591963281944e+00
1.828360171042693771e+00 2.331470283436340996e+00 1.534937962658480481e+00
1.942316774124858592e+00 1.235254671140763261e+00 2.023545395801516822e+00
2.155940679596593412e+00 1.332935609081720152e+00 1.565321599522021767e+00
1.610826331418896640e+00 2.277597022923410819e+00 1.346489781407598008e+00
2.299541563641136488e+00 1.601539247529826682e+00 1.662463685807068270e+00
2.330555635172670392e+00 1.556691915435156393e+00 2.185754495382946416e+00
9.298138894681928779e-01 2.091070777892637178e+00 1.427299830033642580e+00
1.103990096401741283e+00 1.927527749080806707e+00 1.379558375731250175e+00
1.474884998178554563e+00 1.734286340860464737e+00 1.305591460803951387e+00
1.235089975174467281e+00 2.547943528966070126e+00 1.287939534090876137e+00
1.412273965387961905e+00 2.646124791436964774e+00 1.363308873690368683e+00
2.303802954715071127e+00 1.454009803884510177e+00 2.271341281627801578e+00
1.702554214574041325e+00 2.368090118327323079e+00 2.329542100746619493e+00
1.630551944686788435e+00 2.685236857824367274e+00 1.522376503083694876e+00
1.705194081615469814e+00 1.071031616677896148e+00 1.372854565895258450e+00
1.768278762556146244e+00 2.652938671248085800e+00 1.892183105258905762e+00
1.349418686888758323e+00 2.374444947649035242e+00 1.340851817393790446e+00
1.730471686737592218e+00 2.623036650346158627e+00 2.119466882483383330e+00
2.153282797040765306e+00 1.371382052482034375e+00 2.334194469115595805e+00
2.276272119649499714e+00 1.405906118141361905e+00 1.647965478348584867e+00
1.662953678736156515e+00 1.059831321921238967e+00 1.714333179752739689e+00
2.139532536780191396e+00 1.981200148076094125e+00 2.028199575669746402e+00
1.192976431974982043e+00 2.306695482611799797e+00 1.761196097124952509e+00
1.864697624827195366e+00 1.168629694204162739e+00 1.595956183905313353e+00
1.452597567079453533e+00 2.101072893238120187e+00 1.283378049384070296e+00
1.697229956222071845e+00 2.596177313946993248e+00 1.796696429561360775e+00
1.784781059002385373e+00 1.121394396686876682e+00 1.561057569212745078e+00
2.326804439061199936e+00 1.671876255245208220e+00 1.943429089327064485e+00
1.877593895310902594e+00 1.196501839069471718e+00 1.990445148692423061e+00
2.071104313424063204e+00 1.558605627603678823e+00 1.412357028743584930e+00
1.621202583719212775e+00 2.750972333800656422e+00 2.115788237306946318e+00
1.088513186071441652e+00 1.811889246027099221e+00 1.441726841923153923e+00
1.969343283877708739e+00 1.625607921644528719e+00 1.373635024365281510e+00
1.629306865737269794e+00 2.671608632544366202e+00 2.220940018603211552e+00
1.552049253584382171e+00 1.261731550389070700e+00 1.383085530890590498e+00
1.935161540466291630e+00 2.359138957749096654e+00 1.924971256894081328e+00
8.190914170331176081e-01 2.182368678135548024e+00 1.506677988586220707e+00
2.071542434874324545e+00 1.790447532031846700e+00 1.498535718669985028e+00
2.206443812114664560e+00 1.859612050454152232e+00 2.040403097508498576e+00
1.533746134802637773e+00 2.319272779304764054e+00 1.318722379916179355e+00
9.928623486568718404e-01 2.420889586599558108e+00 1.286814874568652511e+00
1.674426766498058550e+00 2.596456698573315514e+00 1.516171502836431095e+00
1.916318941368164497e+00 1.830322592130450010e+00 1.398182680637018338e+00
2.067857905873805802e+00 1.685285358860620253e+00 1.445236514530727989e+00
1.441284719847488516e+00 2.395769357575616709e+00 1.301076986723868734e+00
2.379029891278686026e+00 1.502228434391705614e+00 2.150654989612620582e+00
2.116684616497451987e+00 1.857737573467490799e+00 2.229905808210450591e+00
1.746948213580842513e+00 2.156305358172822650e+00 2.392512717099478881e+00
2.190764371439170688e+00 1.845934484851763591e+00 1.707262141752052598e+00
1.250892987449556237e+00 1.928028057550209562e+00 1.317034368504983677e+00
1.829472155977210024e+00 2.072383512559288210e+00 2.378295198758007878e+00
1.700430446292571451e+00 2.730512114371818289e+00 1.707666122891076554e+00
2.160377221113014556e+00 1.914766379942550945e+00 2.081002120293442115e+00
1.986220480668810628e+00 2.145695870255405424e+00 1.628584711268766583e+00
1.886722586161360349e+00 2.063591805151496761e+00 1.457125186502099989e+00
2.047250446547591363e+00 1.746731033781760312e+00 1.455237811951911375e+00
2.313963535588837495e+00 1.639732284473533364e+00 1.737825365063385030e+00
1.851452689702583587e+00 2.508497685744970784e+00 1.864272463155489445e+00
1.235094529617609904e+00 2.049041207671146392e+00 1.300638038960071352e+00
2.134779723793405193e+00 1.527044763274309824e+00 2.410920179553642573e+00
1.468225406045956305e+00 2.539474750503059486e+00 1.336573232504147057e+00
2.104637152368647346e+00 1.696783754990908832e+00 2.348333742398976298e+00
2.234980390248284099e+00 1.787234872884872372e+00 2.081514151259269418e+00
1.234856330101511857e+00 1.438430305763544359e+00 1.515251910284126868e+00
1.811012456098815893e+00 2.257857135758958744e+00 2.298287175052108555e+00
8.914735890782568006e-01 2.256633859158676536e+00 1.373581926564515054e+00
1.391782723922998732e+00 1.343384906315324034e+00 1.437267924222251692e+00
1.597345761283522236e+00 2.414135326717421925e+00 1.375085574660749099e+00
1.526120413829886280e+00 2.508282580207744861e+00 1.988724103818477973e+00
2.304622343836123743e+00 1.446430174549074410e+00 2.114155363519753639e+00
1.578153522456102520e+00 2.519487421762421686e+00 1.626849762493622453e+00
1.753786464279186053e+00 2.681362650313530605e+00 1.829505351031210703e+00
2.177138122519084451e+00 1.411977290028454179e+00 2.428360482121826092e+00
1.885160324145541022e+00 2.407014713600322153e+00 2.041103126189871997e+00
2.187084543085140442e+00 1.919609184835365134e+00 1.886453378615504883e+00
1.644665779714282072e+00 1.263458432444186208e+00 1.348845172941124604e+00
1.822277467901984416e+00 1.850774754365852592e+00 1.351312025555110985e+00
1.709764095079965518e+00 2.244553122175326099e+00 2.382413380539357028e+00
1.419771781391970356e+00 2.719362461828252364e+00 2.366155722377439208e+00
1.976835808855224919e+00 1.414731261424535536e+00 1.346086348648244613e+00
1.793942979848061503e+00 2.375983464359841424e+00 2.241808570925996502e+00
2.313347041560599671e+00 1.642512184104292894e+00 2.101090758013511195e+00
2.062785112952746136e+00 2.053920708227552350e+00 1.672157631757565932e+00
2.374531913782258918e+00 1.539257683111710184e+00 1.756447626306327114e+00
1.659283629035793961e+00 2.383915735077662301e+00 1.400937131704079963e+00
1.239303450890150815e+00 2.313385190859193585e+00 1.381587358121576958e+00
1.289534445482660718e+00 2.362848686203881332e+00 1.779912374826859267e+00
2.025201311087628131e+00 1.294260227442348921e+00 2.250754764237741234e+00
9.991087350255399846e-01 2.183493414545112365e+00 1.504502747484159686e+00
1.448963019260901319e+00 2.438199416237367245e+00 1.482184182826620455e+00
2.238336059546656820e+00 1.609201971567804312e+00 2.270664225167270622e+00
1.316619081790689538e+00 2.665898602929906769e+00 1.298190698168048218e+00
1.246990817198397661e+00 2.303360337759741139e+00 1.269122698393946758e+00
2.338713132157347108e+00 1.654895326991715043e+00 1.866031238985844443e+00
1.621155466239406984e+00 2.501423335626915989e+00 2.326939734840351992e+00
1.901022636820204781e+00 2.209895145372867464e+00 1.546952000104450997e+00
1.244903339996983105e+00 1.502010373850200420e+00 1.474280100614907774e+00
1.679904420144258781e+00 2.062736133707895103e+00 1.332195912771792834e+00
1.941293064500271059e+00 2.318054073309152141e+00 2.029581827339641098e+00
2.151362254219976400e+00 1.758905836001451117e+00 1.559947296787526749e+00
1.608437469661391672e+00 1.930222480052974587e+00 1.298229117656649612e+00
1.478643169791090228e+00 1.985606988474967194e+00 1.287810293846009868e+00
2.356444138511162301e+00 1.458881011999824562e+00 1.630540718333040484e+00
1.566654242381793960e+00 2.503034361723757151e+00 1.442549485642853346e+00
1.217926038340521933e+00 1.683382519392305099e+00 1.403716432605342845e+00
1.373298447808905864e+00 2.484589131666839812e+00 1.318106775414225718e+00
1.456112449959649169e+00 2.469451451366108774e+00 2.007418416028606600e+00
2.135902616110000984e+00 1.978159958368472360e+00 1.772739419552398221e+00
1.973738892819554724e+00 1.820368895577335611e+00 1.427028917804926911e+00
1.390090273546578326e+00 2.438358671436437142e+00 2.131577687191223980e+00
1.721200541609522849e+00 1.086631175772909463e+00 1.589280606587341937e+00
1.493986978795861287e+00 2.479357277317278729e+00 1.784096792946760823e+00
1.654841791834821940e+00 1.051667813115594319e+00 1.643523999625588816e+00
1.667003245594107952e+00 2.590323963373743155e+00 2.020941682340960277e+00
1.943264786705366731e+00 1.242903376045862540e+00 2.163501697760137343e+00
1.466203790254320571e+00 2.489471681022694227e+00 2.279339814632036276e+00
2.105662195276485793e+00 1.322209709816420276e+00 1.909545945295182401e+00
1.407406685686809267e+00 2.412178592601299965e+00 1.442786873743922227e+00
2.235943835082642828e+00 1.380291894508209660e+00 1.600096740781468130e+00
1.060743878146976904e+00 2.225708268423025604e+00 1.642365509958109815e+00
2.053517546748324207e+00 1.303494295044563156e+00 2.122849863694593164e+00
1.377960098492211127e+00 2.437864181244362882e+00 2.252635173490156628e+00
1.699566621828183965e+00 1.632128228809232029e+00 1.307109326178297781e+00
2.161791619138218490e+00 1.812020578375195035e+00 2.205240930576618741e+00
1.618625003926120964e+00 2.579973895260391892e+00 1.490937744113942642e+00
1.619713076508257688e+00 1.546856627489192615e+00 1.308259343922243412e+00
1.215539396653607440e+00 1.977637543024578060e+00 1.315691579397298083e+00
2.074842888906644589e+00 2.109042123082021547e+00 1.813646056047508726e+00
1.139605246987782206e+00 2.383726831954329217e+00 1.291695768611077044e+00
1.654574541560196232e+00 2.573973872261971607e+00 1.844735017074941474e+00
1.166877970637262285e+00 1.882620671167964055e+00 1.364835380473835569e+00
1.387416715130755485e+00 2.407465412489979695e+00 1.563331317895373163e+00
1.750078331403738918e+00 2.380485738290390785e+00 1.481480288897685904e+00
1.015775110207540299e+00 2.304396933740044506e+00 1.302697656416929251e+00
1.870523995337154632e+00 2.318066327878904875e+00 1.591568292945389151e+00
1.765955716139926412e+00 2.654696649044598455e+00 1.953067259400355082e+00
1.663354615140350656e+00 2.700725421534052817e+00 1.588581789166311209e+00
2.086815827577291227e+00 1.570130051679997640e+00 2.420041985027437281e+00
8.613321540927341147e-01 2.309398261956497667e+00 1.370959013506384494e+00
1.991700885728600046e+00 2.044719532859361699e+00 1.549913778889481897e+00
1.791833205249402372e+00 2.105857680089326056e+00 1.401826848910894263e+00
1.757765950788620080e+00 2.166241653686925339e+00 1.398466065652418600e+00
1.404277125790667435e+00 1.804306946229762065e+00 1.307835203047267969e+00
1.716182643567462751e+00 2.744072736468871287e+00 1.904829725027214815e+00
1.267965313421556273e+00 2.436766883924796900e+00 1.291550183460247192e+00
1.705956216596882014e+00 2.652902361911199769e+00 1.680386475592557938e+00
1.955331041362340594e+00 2.324869612116142292e+00 1.814859074735251987e+00
1.854325163397039233e+00 1.430413847387040915e+00 1.319282719575005869e+00
2.029871745444874698e+00 1.914799431502742122e+00 1.519464600863909665e+00
1.769967749032270721e+00 2.573738588709087782e+00 1.650748396892018910e+00
1.823630310347962968e+00 2.010170848539137189e+00 2.402948649964249839e+00
1.450506932294470586e+00 2.679589777305166898e+00 1.393490773397171978e+00
1.969763960962245708e+00 2.298751212401311861e+00 1.928057628423043735e+00
1.572414258175450108e+00 2.727755999353258076e+00 2.204433942340353614e+00
7.324374143067750031e-01 2.341472313036110364e+00 1.458677921565594282e+00
1.410664367259120588e+00 2.347306090971188919e+00 1.287661951743423572e+00
1.062588704654018779e+00 2.458726011134861000e+00 1.267844548103107760e+00
1.195953375534937191e+00 2.405672881052578038e+00 1.289537153167704897e+00
1.640237674502473375e+00 2.821070601754433582e+00 1.778941651430004267e+00
1.718664178921420316e+00 1.094285709205812029e+00 1.763965263494409852e+00
1.664039024940287659e+00 1.323059016226598716e+00 1.335672998322631644e+00
1.001914221479523803e+00 2.190959502523370350e+00 1.627373822826902128e+00
2.177670356380960737e+00 1.338023024133998762e+00 1.428044487708595378e+00
1.565515994594104843e+00 2.537867420155965004e+00 2.123969540794889976e+00
2.206326098351432563e+00 1.390183176296644119e+00 2.112709264017269550e+00
2.114332384416830468e+00 1.318904281786186461e+00 1.753481874448973299e+00
1.355703948931327840e+00 2.382398405299765987e+00 1.428847012570840347e+00
1.950450239569482269e+00 1.235715610572585277e+00 1.945784129519735339e+00
1.970979703647446346e+00 1.232805898156291713e+00 1.668261552748814935e+00
1.386972250562735764e+00 2.163495670687231698e+00 1.278871186642270619e+00
1.220778349519011430e+00 2.335663144307150496e+00 2.008575333601071211e+00
1.784257851794408545e+00 2.051338767498982918e+00 1.383209995995376529e+00
2.132256086465666556e+00 1.922357219888509938e+00 2.150029634995251904e+00
1.453245488912247474e+00 2.794635221419269566e+00 2.280986543612990136e+00
1.972802771325384619e+00 2.241668553032081235e+00 1.712514169138746656e+00
1.814486884865963878e+00 1.567916708468482634e+00 1.317312087168994950e+00
8.215059700578621893e-01 2.232055867793752757e+00 1.477625475881732653e+00
1.418130670533005899e+00 1.475474279962859070e+00 1.377411964350540252e+00
2.117895654586856136e+00 1.448953691765013874e+00 2.443855962010556215e+00
1.734511719147566300e+00 2.490823984688157910e+00 1.521489675998145774e+00
2.106081214932761014e+00 1.349409685551125948e+00 2.425484364018209327e+00
1.289269826723236756e+00 2.533921663526623735e+00 1.273539653010316464e+00
1.460533825247306128e+00 2.621770473977511173e+00 2.348855095347445854e+00
1.621083747583239809e+00 1.398536454624998981e+00 1.331720075558853411e+00
1.731862348345959202e+00 1.756715881836713455e+00 1.314120339919470526e+00
1.839259240017104169e+00 2.506223216972882639e+00 1.759783886371677708e+00
1.989072901560131168e+00 2.047065086415901014e+00 2.248008844537891182e+00
2.116049889989916721e+00 1.609002513838469373e+00 1.453165286437814618e+00
2.235228380221419009e+00 1.831398859813990310e+00 1.969794756739146058e+00
1.646063271014055029e+00 2.822550748781097241e+00 1.696282470743884385e+00
1.928825400816514213e+00 2.180523163530447395e+00 2.218527906478135581e+00
1.488089852318447814e+00 1.563699757876564123e+00 1.330493574811230761e+00
1.198702341675062844e+00 2.206600366376170186e+00 1.282436923483632807e+00
1.810674118537666244e+00 1.295456929446483274e+00 1.321268983804382291e+00
2.075448776357414538e+00 1.298169708585809268e+00 1.360971286339116126e+00
2.409289069144266549e+00 1.528316780770049732e+00 1.933642040158983999e+00
1.630935436603420108e+00 2.843840158400289475e+00 1.870124819093580415e+00
1.676503936750691315e+00 2.745379437132325684e+00 1.979885061455740836e+00
2.287672649190603646e+00 1.562032813036478895e+00 1.608968897680529642e+00
1.653324430103638720e+00 2.316237277828232521e+00 1.379992855906218008e+00
1.865555649404505800e+00 1.598006802221920042e+00 1.334509008927923457e+00
1.469259726534061228e+00 2.230022501266629487e+00 1.291549907850782164e+00
1.756561850767271560e+00 2.642505056151161380e+00 2.012489324805518009e+00
1.494887716438626724e+00 2.542938055057050839e+00 2.386631146076380272e+00
1.657700551769653030e+00 2.843479283375039746e+00 1.951433538244190746e+00
1.365626511523530207e+00 2.694209313643276094e+00 1.350412223545136348e+00
1.710993939340416548e+00 1.869497603096834215e+00 1.320422883536183090e+00
1.532348135808061951e+00 2.426730965134375584e+00 1.342656801328414584e+00
1.191198886583273442e+00 2.113767179222775461e+00 1.298561058808588742e+00
1.492046343420233567e+00 1.367240025356012412e+00 1.377453182129262377e+00
1.937313406525691395e+00 1.948737392547131853e+00 1.449300243070295924e+00
1.968599576064285817e+00 1.328827341963131792e+00 1.334686413335767652e+00
1.574025300915769421e+00 2.651124723491619317e+00 2.253142686768103697e+00
1.394787852011197149e+00 1.247477249691416823e+00 1.483611605186516469e+00
1.738206896281084601e+00 1.494169879424447123e+00 1.312636973308988875e+00
1.411957876993338745e+00 2.593574149424598296e+00 1.319664752397019303e+00
1.294750755272989329e+00 1.293930067010309770e+00 1.545371736398202023e+00
1.495693106820439544e+00 1.016361366503469421e+00 1.520291842056412879e+00
1.570460749872393702e+00 1.054806646474774290e+00 1.439520852749426094e+00
1.130313393784773357e+00 1.667595901609070674e+00 1.482348346104847003e+00
1.615488241034241268e+00 2.496477801936698881e+00 1.411676701291267211e+00
1.107914076057086694e+00 2.259171086894074421e+00 1.778324481004200708e+00
1.163463769235508982e+00 2.270304030311058874e+00 1.382187524832693803e+00
1.591154872232430240e+00 2.546968698119495222e+00 2.021639838068010064e+00
2.227161379369273053e+00 1.379675660315271557e+00 1.686539210536984523e+00
1.367166732064106327e+00 2.421890595770190391e+00 2.059010836072545203e+00
1.804238321274157952e+00 1.122547185627890354e+00 1.370991407536145124e+00
2.118691331275759371e+00 2.040373191955805243e+00 1.871596228202485834e+00
2.217511588667998801e+00 1.533987235567219720e+00 1.512141545903294526e+00
1.279038619399262222e+00 2.338954659438419181e+00 1.438248259518241534e+00
1.438477097340317368e+00 2.452921447690353585e+00 1.883256078286263069e+00
2.080056603753397404e+00 1.305250127077265399e+00 1.863469149782995382e+00
1.188345848316714193e+00 2.291316537849837687e+00 1.507096973012810093e+00
1.843439418444409172e+00 1.175278058294448202e+00 1.951808594895537929e+00
1.090157786863221290e+00 2.107178664971709026e+00 1.329819526728780898e+00
8.963938753324175446e-01 2.126850261589434243e+00 1.546290515430620349e+00
2.292081071179991714e+00 1.418311682149220765e+00 1.719857476883108305e+00
1.575866661491331477e+00 1.175860295500452235e+00 1.398813817147056549e+00
1.798969152061254961e+00 1.145462278606100837e+00 1.868413373445241943e+00
1.994544151465512893e+00 1.253834812406179555e+00 1.810532071099704154e+00
1.899316167928656096e+00 2.422863587357281911e+00 1.809938166589156072e+00
1.128922462698914497e+00 2.553051939061146136e+00 1.257513091012609552e+00
1.832210749311249609e+00 2.193195967186349016e+00 1.468502375541382410e+00
2.254903472902703765e+00 1.559886467578217140e+00 2.289849613500032355e+00
2.067914857302068476e+00 2.035518641471159018e+00 2.143946122535628440e+00
2.119126660108767268e+00 1.635970150138949863e+00 2.367805933875383406e+00
1.825168149355571590e+00 1.705260571192589225e+00 1.334612856314485452e+00
2.188503762071971170e+00 1.876382293172974780e+00 1.758594465330494794e+00
1.526611875959165587e+00 2.704523391268170762e+00 1.428128264319765695e+00
1.925207068171897351e+00 1.505475044965260745e+00 1.341433088186688716e+00
2.062796607696809836e+00 1.890213331338995717e+00 2.277766969063084623e+00
1.521837240797007329e+00 2.113409358273519167e+00 1.293542574414427992e+00
1.801304972518857239e+00 2.272931183969608693e+00 1.477890583435645055e+00
1.878827922168220477e+00 2.048950291842353888e+00 2.350476057582912670e+00
2.001372444809651707e+00 1.770583142792574449e+00 2.394000315152839065e+00
2.178498643436025617e+00 1.558995034776239352e+00 2.359429426645353711e+00
9.948208095297659259e-01 1.958755335901910533e+00 1.442302455896519842e+00
2.007904560723432486e+00 2.235745661776119331e+00 1.835631552247458220e+00
1.484543057476275907e+00 2.490556581564390193e+00 2.097798163254082748e+00
1.592396698248237596e+00 2.535825762800537841e+00 1.785908224971850755e+00
2.153290520270221720e+00 1.363698229413098151e+00 2.185743059881508632e+00
1.336063281362558586e+00 2.377258488076196663e+00 1.549030708774854714e+00
1.897034385534652312e+00 1.182136543345234214e+00 1.503144064045335959e+00
1.734090579006610788e+00 1.106693160892597616e+00 1.835642053859847689e+00
2.034205855218542247e+00 1.287177417814942215e+00 2.015609452814016045e+00
1.473898748615977583e+00 2.459009232457560312e+00 1.607370955860733419e+00
2.027675418855810818e+00 1.267357291251578699e+00 1.709171148937425500e+00
1.142270930433190390e+00 2.284471035330359001e+00 1.886921068172777272e+00
1.471038533823282757e+00 2.485758581299903014e+00 2.157621742649594498e+00
2.131167043400137295e+00 1.339199565618893972e+00 1.956154226907885096e+00
1.605526636870957535e+00 1.638473260921664121e+00 1.302950894864265630e+00
2.007151241609712589e+00 2.231746340281383301e+00 1.957688773779406421e+00
1.516942640115097385e+00 2.482768029162761181e+00 1.380313527086089120e+00
2.414065186467268642e+00 1.505766594320384177e+00 1.830873788321812690e+00
2.114773578306913926e+00 1.303315891879841315e+00 1.447614350470881606e+00
1.429363264212620166e+00 2.501123817169963459e+00 1.336375343801619486e+00
1.512064858060014449e+00 1.132300533259992470e+00 1.448341273374008420e+00
8.299985687690246694e-01 2.334306079847717985e+00 1.418221870319937850e+00
1.582465246794450220e+00 2.711135458048598679e+00 1.522126264880847124e+00
2.228658300930716152e+00 1.728695500065674517e+00 2.182433765903029510e+00
1.565909737962022819e+00 2.379019732370831530e+00 1.348207431500141329e+00
1.907046579199960679e+00 1.914925261626943653e+00 1.414959682564004728e+00
1.613636835982451556e+00 2.572314003980476826e+00 2.242435918864837063e+00
1.530232356131009164e+00 1.835297187962088739e+00 1.294214645229386340e+00
1.699234703015035652e+00 2.611728293587224137e+00 2.076783940178394516e+00
1.655189453502243557e+00 1.170137795318412444e+00 1.364508355545208218e+00
1.863955009197269641e+00 1.990448000523311389e+00 1.411144917171916591e+00
1.480842199051474406e+00 1.242983128941399507e+00 1.420830912645003163e+00
1.756533117273715527e+00 2.435168954069691249e+00 2.244109072959235451e+00
1.214294344569666562e+00 1.799551503736463332e+00 1.369176050135413769e+00
1.616949543416920765e+00 2.787770640871741534e+00 1.589087635547008936e+00
2.256497511149883728e+00 1.652804376623428162e+00 1.637896525593095953e+00
1.811524329521122301e+00 2.121499837092081009e+00 2.367588350990271540e+00
2.132529365116166975e+00 1.840360770441650917e+00 1.599953062169653606e+00
1.644035759492782356e+00 2.608600286734993112e+00 2.205355059936170203e+00
1.583012869199159844e+00 1.357461700447010866e+00 1.345414884865215432e+00
1.641957998532054264e+00 2.770425816528926166e+00 1.686589859349374665e+00
2.024955083569207392e+00 2.028960671411932370e+00 1.590253532871685138e+00
1.849273351346019778e+00 2.282842641505630876e+00 1.527865085785170329e+00
8.736608658498284941e-01 2.239718790084278766e+00 1.431354057233561461e+00
1.951095652374493783e+00 1.227878621518111890e+00 1.788437474460762511e+00
1.878362155736615247e+00 2.430852941829878766e+00 1.749281016764126173e+00
1.249433592696359563e+00 2.349085328090997127e+00 1.950470832262371834e+00
1.401956098786549809e+00 2.427765844404453421e+00 1.791768305846123566e+00
1.062934595755116840e+00 2.229929074827214031e+00 1.695177870619719585e+00
1.105037542563818809e+00 2.243808506673387715e+00 1.507041779614114896e+00
2.192118568560690317e+00 1.350376356612439377e+00 1.508045273846734036e+00
2.255982957532451483e+00 1.420180447992940520e+00 2.144168626415650092e+00
1.156657262377115858e+00 2.281450501260559260e+00 1.669886855040750850e+00
1.559946344973414556e+00 2.522030497537067539e+00 1.878536029120699391e+00
1.945564323970849996e+00 2.337707042390191781e+00 1.977926201983266630e+00
2.133357181685802129e+00 1.950155777370433663e+00 1.708204612884560047e+00
1.626756664990028467e+00 2.545251441849448071e+00 1.597267201219128241e+00
2.204440088491781413e+00 1.884771995776818310e+00 1.984248268889869715e+00
1.795975416568999172e+00 2.538243574949416548e+00 2.076356534183930957e+00
1.527838348683941971e+00 2.003784177940858502e+00 1.289325237588929252e+00
1.292796420614807262e+00 1.841810295118683216e+00 1.322840475515429715e+00
2.094398251801052435e+00 1.495332669147892091e+00 1.408645438447729825e+00
1.536846787852703677e+00 2.608521189475832447e+00 1.392944058619705494e+00
1.973527306561094763e+00 1.221346620159442509e+00 1.330449982565068634e+00
1.105737401835536371e+00 2.255580854826240600e+00 1.318097119272387152e+00
2.229944533369197401e+00 1.468491096823321129e+00 2.364126553761879634e+00
1.062688294677809342e+00 1.701164846905077743e+00 1.524337216455161848e+00
2.097078064585118362e+00 1.497087626161738960e+00 2.438170460497347758e+00
2.152306344190371146e+00 1.760286860688827115e+00 2.262839910448778635e+00
1.373333647004063351e+00 1.599212164357635579e+00 1.359352198780899856e+00
1.703554684986285261e+00 2.534657981079317945e+00 2.233497726279511930e+00
1.960340722461038743e+00 1.905349750055419289e+00 2.358138854084460334e+00
2.051644523470015358e+00 1.708754802338494416e+00 2.384902343671206904e+00
1.698984639067350866e+00 2.665893255164129449e+00 2.127789321484189866e+00
1.822994129601939628e+00 2.427525562042995411e+00 2.156802916918359792e+00
1.230099966134065914e+00 2.164447063717965136e+00 1.283108120855209311e+00
1.767899158671995208e+00 2.544993476023700296e+00 2.134232818912857876e+00
1.339608728737843535e+00 2.397029358985244496e+00 1.881537791376402868e+00
2.310023705654100645e+00 1.446657904060785427e+00 2.062466674700689229e+00
2.018347069761179835e+00 1.618003896141130049e+00 1.398513394642481700e+00
1.583309176829517106e+00 2.519472903512649964e+00 1.574994053862881938e+00
1.517579431001848445e+00 2.208805524789278607e+00 1.302740031670153620e+00
1.909421805602198319e+00 2.404267879255129969e+00 1.922602887762285384e+00
1.136191946020483901e+00 2.003908428720394319e+00 1.341147825682421857e+00
1.771658447121734259e+00 2.344939965833166440e+00 2.285329207973578747e+00
1.369780491365185648e+00 2.429662402884457340e+00 2.181856113953094312e+00
1.357404774545634796e+00 2.413268702382316722e+00 2.005601262264716134e+00
2.035036352066646348e+00 1.398640066660604697e+00 1.360370178477847469e+00
1.933111328886680580e+00 1.223013519032974061e+00 1.891518813889895068e+00
1.926245472409730652e+00 2.244498471943352058e+00 1.617507651675225144e+00
1.870867827903266889e+00 2.316094970747307524e+00 2.184351030249461090e+00
1.643048700580300503e+00 1.039518599292834855e+00 1.537554993499101519e+00
1.319604843529484706e+00 2.436508808077433308e+00 1.298285946410649760e+00
1.692636478248010778e+00 2.687424535907496193e+00 2.033063779505335678e+00
1.284239890250719496e+00 2.585641199068690721e+00 1.277683672679818638e+00
2.278296981977431912e+00 1.443381499493457731e+00 2.336467395318035045e+00
1.701736629996089878e+00 2.207579905551392496e+00 1.378524472788043909e+00
9.158587652913893207e-01 2.035102732334201914e+00 1.467343968952215194e+00
8.227556496157389931e-01 2.389717266195508394e+00 1.383025684459844085e+00
1.948500839063084689e+00 1.751689617373440422e+00 1.395335046691828396e+00
2.149585913716597130e+00 1.466844983794853841e+00 1.431400341214992933e+00
9.266226614170932629e-01 1.962510041783924519e+00 1.495496881468871164e+00
2.224187686557752119e+00 1.599640586335353998e+00 1.550016528836642093e+00
1.321765177440536121e+00 2.086183410050117981e+00 1.279051085383854147e+00
1.689229222965542787e+00 2.641215631475003711e+00 1.632018554443063652e+00
1.860087406961173473e+00 2.426869865087332379e+00 1.676778110706703018e+00
1.723556364586003919e+00 2.595234489652469279e+00 1.594241897466551094e+00
2.239075709775155243e+00 1.737721592826580785e+00 1.683125020239476077e+00
1.412734448443496049e+00 1.671021962071594258e+00 1.327405876451623223e+00
1.386739358270466127e+00 2.303161272679227434e+00 1.276521787102763428e+00
1.876608844539173315e+00 2.375861771102635966e+00 2.119032417710984717e+00
1.925835089880644224e+00 1.808775826114179974e+00 2.418913458298378671e+00
1.640051568945538163e+00 1.858097908635888196e+00 1.299931208107151459e+00
1.365393208686703774e+00 1.545625949598612214e+00 1.379475202277569590e+00
2.152244958153469057e+00 1.980292777862676212e+00 1.891938215552096514e+00
1.444216537198377281e+00 2.445907173254231015e+00 1.333727978789833069e+00
1.620623353400562516e+00 2.806702848719246468e+00 2.038651912465247129e+00
1.663328219979897105e+00 2.789279017488287771e+00 1.811704143895351615e+00
1.449937065478371645e+00 1.929394014522612277e+00 1.288272769971704479e+00
1.569052918492948701e+00 1.737855743406148568e+00 1.298614179584450801e+00
1.163474455181420231e+00 2.287902239338368116e+00 1.302032096859942367e+00
1.882858801261852344e+00 2.450133542883730975e+00 1.937539166951430136e+00
1.849414915282945771e+00 1.954922959176789377e+00 2.408705326102976052e+00
2.218298469367280035e+00 1.846783704102933354e+00 1.806702954385766668e+00
1.800460168769115299e+00 2.596291480813571528e+00 1.800902704740306559e+00
2.192430504059562413e+00 1.759192163460995051e+00 1.626439808845014934e+00
1.948020661939852793e+00 1.575763404405187584e+00 1.355090708786909515e+00
2.294894039504775662e+00 1.683280077142542019e+00 1.755900832578310311e+00
2.101518002025421161e+00 1.930942499225113185e+00 1.628691493922633349e+00
1.129577870411833107e+00 2.260862353213752840e+00 1.562139268538694337e+00
2.250208828093158253e+00 1.419824326059702324e+00 2.204667061020219254e+00
2.071659142223812644e+00 1.316492069931869180e+00 2.168328197344444153e+00
1.549586948612232451e+00 2.505967572840014146e+00 1.685119498009233663e+00
1.601639745113792035e+00 2.782359264167689084e+00 2.165467435080822955e+00
1.382517662707589245e+00 2.395563540984744222e+00 1.388006641229280191e+00
2.055374739342032520e+00 1.288202226766758773e+00 1.808170201352198303e+00
1.569644522001233611e+00 2.545996775430802828e+00 2.229155993010063508e+00
1.552560005656286268e+00 2.533116871961537342e+00 2.174998905647731906e+00
2.291694614594896429e+00 1.422395202933393277e+00 1.798167689906016609e+00
1.656455493916606514e+00 2.566391418160179239e+00 1.679184194533521524e+00
1.728306985942376084e+00 1.087100088483942351e+00 1.520454479610976906e+00
1.289724467586046863e+00 2.370606242671593922e+00 1.928583258579277704e+00
2.316108892195529734e+00 1.688423532125077342e+00 1.994818975907612035e+00
2.045656476166330062e+00 1.287835245931552519e+00 1.903371151896849689e+00
2.378833594564432552e+00 1.481648132363921011e+00 1.982260241737041628e+00
1.862042253239052370e+00 1.160760254947186709e+00 1.473259051671619302e+00
9.595756361955960489e-01 1.882341720369399951e+00 1.514828740650864036e+00
9.847501267134483038e-01 2.318142726995573888e+00 1.340898699529798455e+00
1.914436550160669270e+00 1.198694318036412465e+00 1.627517849025049035e+00
1.642946473906222948e+00 2.665345447833363135e+00 2.158703066654434455e+00
1.960378108690523868e+00 1.993722750242262753e+00 1.492422141920242362e+00
2.090393881111178409e+00 2.055270405134284495e+00 1.762505534243168137e+00
1.427788055237200426e+00 2.056877039405573537e+00 1.283549101042494200e+00
1.091652808853069923e+00 2.426663417321375249e+00 1.293728492970085187e+00
8.564221180501074837e-01 2.152801213309876616e+00 1.489879925369697267e+00
8.865712301823462926e-01 2.413057251877621656e+00 1.356745753976095203e+00
1.086734460279450643e+00 1.761999113832967589e+00 1.469168426318165244e+00
2.105754245025860616e+00 2.058267036768009817e+00 1.975300379839337150e+00
1.233132954674588388e+00 2.605973715940605118e+00 1.265737154043947044e+00
1.373006004576453165e+00 1.294673255087797958e+00 1.477004526499054338e+00
1.444509787375781507e+00 1.214618716354983974e+00 1.460207221165070735e+00
2.112763043170949651e+00 2.006953924033207048e+00 2.061936433223773957e+00
2.308048561266458076e+00 1.706297222689709958e+00 1.912336830265713550e+00
1.462844864190545380e+00 2.748138296058790342e+00 1.389761971902176541e+00
9.749607735813673459e-01 2.470105842572060784e+00 1.283007442825633282e+00
1.796174085642337159e+00 2.220880727169115776e+00 2.329199249561372476e+00
1.523427649031073416e+00 2.636802927422049692e+00 2.336565449492672641e+00
2.270310268726874359e+00 1.770592320232795780e+00 1.955747654900681809e+00
1.450684952036279007e+00 2.714510784622923278e+00 2.320246006985852372e+00
2.396203092045549710e+00 1.494336538333747244e+00 2.036450185545850111e+00
1.328694721006585366e+00 1.408376366689984227e+00 1.454405296214808851e+00
1.550566411458998095e+00 1.468509048315806309e+00 1.333979711823507719e+00
1.363544582594436561e+00 2.360306658091774423e+00 1.275852702195552357e+00
2.261447250110612206e+00 1.500065122125391559e+00 1.536596465039902881e+00
2.215009695139334323e+00 1.659035851934350880e+00 1.575969038123985699e+00
2.229443976154422913e+00 1.435227363593734706e+00 1.475993287758228023e+00
2.355845970919262733e+00 1.581891274817634141e+00 1.773611161203642261e+00
2.003647285491094721e+00 1.521105254454296229e+00 1.365634420760991619e+00
1.015623792670533154e+00 1.784213397676168933e+00 1.519985934349645795e+00
1.030247313648517959e+00 2.197183457668658413e+00 1.420612533231444097e+00
2.147211530346913033e+00 1.622691272017308561e+00 1.489232659466421804e+00
2.167791044720633220e+00 1.889773476494006621e+00 1.711336891353004486e+00
1.802151971829418109e+00 1.964095762196796713e+00 1.370060652742773666e+00
2.318907133804192000e+00 1.464417812166770805e+00 1.575031501684064139e+00
1.833219010571930818e+00 1.898490285671229350e+00 1.369853978677301631e+00
1.674836833611194731e+00 2.120417823778261823e+00 1.340962040688863155e+00
1.733086247445687400e+00 2.631202353183275111e+00 1.735077567786154962e+00
2.325989822188871514e+00 1.496942871316443657e+00 2.243452934997363979e+00
2.116451551988363100e+00 1.356003384425121805e+00 1.384340111437203369e+00
1.331289308037610031e+00 1.517442015109192965e+00 1.403709152567657270e+00
1.593180167017368865e+00 2.604333275748874410e+00 2.296603461887712694e+00
1.689898091530787738e+00 2.599642490757264390e+00 1.944633208854795514e+00
1.787909362244035183e+00 2.621222067255530863e+00 1.841507233981570568e+00
1.435866846304963973e+00 1.603334837955128211e+00 1.333950532520201904e+00
1.769141769680544929e+00 1.132171753648963497e+00 1.935396915140448648e+00
1.316109951351915885e+00 2.379751988469810620e+00 1.818028281902359433e+00
1.384459246324942328e+00 2.411213826073055344e+00 1.667679310254406966e+00
1.176995972369297094e+00 2.305959137949737059e+00 1.916829289415984405e+00
2.244730426943485568e+00 1.396249332662210518e+00 1.810578839002187745e+00
1.749791505534328717e+00 2.311981726102581014e+00 1.448663136499548587e+00
2.321107972006336340e+00 1.443374239965875772e+00 1.879942570078106057e+00
9.094115659104278215e-01 2.136077388888212969e+00 1.462553302834263658e+00
1.786515213594682683e+00 2.376500910257427268e+00 1.513826093876087908e+00
1.662911206370689232e+00 2.771904051590829088e+00 2.064105919319853211e+00
9.836709668082275204e-01 2.059966994585926692e+00 1.399653497421560422e+00
1.676294540516388043e+00 2.484498166634262706e+00 1.462375358930064317e+00
1.785891244597923810e+00 2.166808880775652035e+00 2.365067414038088067e+00
1.876752159443098478e+00 2.166656614295052297e+00 1.497400493189487536e+00
1.021626780275746382e+00 2.387762056081405682e+00 1.312752241304783185e+00
1.292252802526991484e+00 2.030186818003329119e+00 1.292979180351583324e+00
1.210424464716548298e+00 2.252777783711134241e+00 1.272777011590427554e+00
1.902931789797712492e+00 2.225679784622352830e+00 2.216354454120213813e+00
1.989889173413666335e+00 1.882276274020945328e+00 1.466611713655281646e+00
1.660076976399049942e+00 2.590645491879404183e+00 2.246756703214817019e+00
1.113169846794937135e+00 2.209575578038856847e+00 1.297981819901414813e+00
1.520774692815800799e+00 2.824855479709059036e+00 2.193646977996807745e+00
1.472985924878056352e+00 2.632917871783417407e+00 1.363390141824709190e+00
1.539314694188632204e+00 1.621327166274729281e+00 1.311540068054296793e+00
1.817665109392209377e+00 2.491236326643479160e+00 2.093116397373053772e+00
2.097126975057846288e+00 2.000860533598150415e+00 2.118789994969481061e+00
2.034907288120232138e+00 2.161524752879844691e+00 2.024747951740332841e+00
7.337400929864946741e-01 2.292743324234985280e+00 1.482729078346816998e+00
1.323307772421751682e+00 1.454403457933758581e+00 1.435572160621760185e+00
1.715887327488301528e+00 2.026731168180846421e+00 1.339425659858753281e+00
1.736282071880554501e+00 2.709399886869401364e+00 1.794815976647744060e+00
1.559573247400017459e+00 2.749508210666619323e+00 1.480582780391620501e+00
1.133316537341853447e+00 1.805610598226718322e+00 1.408454732608330096e+00
1.353354115712290362e+00 2.521918311930855694e+00 1.290329930975105510e+00
2.187178576005632369e+00 1.411488338665287667e+00 1.437842380576535906e+00
2.342814606273826428e+00 1.607884186564523032e+00 2.074586531069169126e+00
1.899851292248235346e+00 2.303287839418950878e+00 1.625850347788456496e+00
1.805180437357114087e+00 2.493747999498769463e+00 1.638181629785591120e+00
2.021293033047076637e+00 2.155620133219990020e+00 2.074361573226550348e+00
1.939042448901321825e+00 2.048681253631769561e+00 1.498694274999854192e+00
1.627546102084235002e+00 1.085345484747767042e+00 1.403499544943640487e+00
2.201428554796596604e+00 1.715790795272529312e+00 2.232053247037075749e+00
2.286725091393497777e+00 1.593341164638051977e+00 2.216691520271512061e+00
1.983906017272473177e+00 2.158619046717652701e+00 2.159555886697613669e+00
1.953107634865562048e+00 1.705529409093586635e+00 2.438822725898875721e+00
1.375461487608748756e+00 2.694239225584773578e+00 2.365190544945055429e+00
9.617691458185719799e-01 2.166400620187700632e+00 1.369955960805275597e+00
1.292526311286012586e+00 2.329470219949377974e+00 1.270035998651170672e+00
2.352661142521432325e+00 1.626737014064184805e+00 1.945864281235401894e+00
1.715829813737880016e+00 1.551128982430094894e+00 1.309925452403635893e+00
1.287297480230540581e+00 1.749836621262073288e+00 1.351480038201805067e+00
1.668533112462851076e+00 2.714662186533141952e+00 1.670412595513974363e+00
1.763683451306419681e+00 2.475579927956927939e+00 1.555467194413495680e+00
1.365242022921743237e+00 1.703238444488811121e+00 1.331798560111170371e+00
1.626121925871820695e+00 2.733886389526384075e+00 1.610012106778995644e+00
2.278062181328362357e+00 1.748407761581533215e+00 1.826207222959313148e+00
1.982572996551287048e+00 2.277427917659981649e+00 1.888289499184469866e+00
1.545118795130433709e+00 2.513595725268177095e+00 1.401728852848485252e+00
1.984739657027897008e+00 1.260776920088672259e+00 2.054352813761798568e+00
1.501758941244361489e+00 2.510880593715053344e+00 2.300665533852956912e+00
1.315957575527058276e+00 1.676661867669180905e+00 1.361220489448473625e+00
1.682877973247175474e+00 2.338452847112749478e+00 2.360202719657737092e+00
2.207311671614195614e+00 1.382549101181157258e+00 1.955522726173859249e+00
1.078245829297484137e+00 1.982575892798634776e+00 1.373930346879606246e+00
1.433167030562039423e+00 2.452502137794540182e+00 1.935189570152589189e+00
1.674134308831438211e+00 2.572679528039143904e+00 1.567998742286826674e+00
1.860731767077847154e+00 1.172300933469685891e+00 1.709079322943550805e+00
1.820000560642100362e+00 2.378332765873363730e+00 2.202763179599235066e+00
1.983811363615236800e+00 1.268556004817635863e+00 2.211488103696067409e+00
1.058782164717177787e+00 2.221411214087596786e+00 1.589561390714396616e+00
1.624763603160546799e+00 2.572267995431523957e+00 2.138847486958487476e+00
2.269430601196271269e+00 1.397820765270293863e+00 1.568797711513040927e+00
2.117671170877977183e+00 1.350243425190073898e+00 2.313144498355516276e+00
1.527335326323745912e+00 2.481317910204978272e+00 1.455526804865654444e+00
1.189569863313488129e+00 2.452020388425935504e+00 1.287716375141210179e+00
1.874052965198837573e+00 2.379160818555206003e+00 1.649748167386390296e+00
1.764897378945689432e+00 2.047710619439422342e+00 2.418174366096160544e+00
1.314598916241118687e+00 2.360727178513126301e+00 1.459347855235712865e+00
1.357857123523078302e+00 2.386512690817459426e+00 1.481273606957554057e+00
2.125144371054542347e+00 1.331144896313505965e+00 1.867915262807079868e+00
1.391925796985736818e+00 2.430899814347878607e+00 1.965576221000348900e+00
1.495376939608014322e+00 2.582376845270035304e+00 1.362672790017414037e+00
1.880290938891286290e+00 1.165666238661557053e+00 1.370237827471657122e+00
1.477675148198066557e+00 2.474672518997333093e+00 1.869922282738227137e+00
1.707050435144409350e+00 1.093565785704524229e+00 1.876422513186744023e+00
9.771829133228171482e-01 2.174070550431240090e+00 1.572403835789306203e+00
1.544331449016229429e+00 2.520996398739510536e+00 2.034242571306116520e+00
2.329640098261467340e+00 1.463191979228959827e+00 2.169371558789698895e+00
1.928596139353869976e+00 2.336092565767557527e+00 1.741564408443233569e+00
1.658875081654366923e+00 1.668853525681618821e+00 1.304186147380391070e+00
1.971723227832079761e+00 2.282876604127360487e+00 1.790259757676919472e+00
2.006806426560150847e+00 2.064182800218099967e+00 2.208502201532482445e+00
1.544092382522932683e+00 2.659160878698638264e+00 1.459311005741783296e+00
2.286622072952976481e+00 1.696578338951068243e+00 2.086234772553458683e+00
2.353899935901206941e+00 1.618578449371400385e+00 1.839167499177789988e+00
1.769177857972587198e+00 1.803108835646904939e+00 1.329453667984146437e+00
2.313546942838390574e+00 1.692594565615833879e+00 1.841586056193515342e+00
1.833079816620089897e+00 2.200962075945130714e+00 2.309524880389820289e+00
1.208329332306843584e+00 2.312754696686840195e+00 1.292795050904031573e+00
1.204614531238880293e+00 1.500798824234292894e+00 1.507750536149739862e+00
2.011321625444976391e+00 2.181251862840347222e+00 1.730058602334974882e+00
1.268413099502947672e+00 1.406849856539207355e+00 1.504154070220778960e+00
1.447535034930089504e+00 1.128358354021296694e+00 1.502030837630391025e+00
1.832064239328251798e+00 2.336537053766330807e+00 2.221928703194941512e+00
1.525133549220516693e+00 2.705902835673784423e+00 2.299543527184236602e+00
2.101570602352827777e+00 1.686261741768052769e+00 1.476832510609694671e+00
1.984771688654455968e+00 2.005899169495649392e+00 2.286629170328155602e+00
1.668812258793697767e+00 2.399314431625651611e+00 2.340609314593408818e+00
1.488638698625886381e+00 2.710450694726409981e+00 1.395737919450126929e+00
1.947111241780930646e+00 1.454577420600263515e+00 1.342062774351615362e+00
1.605056924401077056e+00 2.851001188516968821e+00 1.699129353175099499e+00
1.503963724621907749e+00 2.778144794096636616e+00 1.442534152070201081e+00
1.683067809774873913e+00 2.752635640396616790e+00 1.857531079531309581e+00
2.227795288803924745e+00 1.784115956123954794e+00 1.716752628439275341e+00
1.566051385007019459e+00 2.574570701892389124e+00 1.402834186628405311e+00
1.732156014139524025e+00 1.311189853387394244e+00 1.324805058060007923e+00
1.052994217015906564e+00 1.920488797280195836e+00 1.415176792763216618e+00
2.046915867081839924e+00 1.984772674450908214e+00 1.586913356451089996e+00
1.033478911275202083e+00 2.017432066520399303e+00 1.383400922830424262e+00
1.040180866814156557e+00 2.437654906096071272e+00 1.301368087091171688e+00
1.604028525800349048e+00 1.013053674544813543e+00 1.436759011413541343e+00
2.015695045657331264e+00 2.106667510224162321e+00 1.641916558007147753e+00
1.618039520139340937e+00 2.231407774619926343e+00 1.338537732521617674e+00
1.748419227402879139e+00 2.629726840323651338e+00 1.679665841840862539e+00
2.167638716382762176e+00 1.719878272216897264e+00 2.275808974102500937e+00
2.251768140023963305e+00 1.634282216891029149e+00 2.230766269157343551e+00
2.007171410224489971e+00 1.566842862921491220e+00 2.457360935539008473e+00
1.814248909007685873e+00 1.237549891008716596e+00 1.323210993179818162e+00
1.322192132604771642e+00 1.258891165614479224e+00 1.536528541118875602e+00
1.825895202320294342e+00 1.806308741202222512e+00 1.345525179305078867e+00
7.765949989536399256e-01 2.324395933297336292e+00 1.431372325342886498e+00
1.598835650866204938e+00 2.806362486414381685e+00 1.628993287290515513e+00
1.667439234429302086e+00 2.251555038400733011e+00 2.398972906818937822e+00
1.547537079794423898e+00 2.383922411177458844e+00 2.412155179107895009e+00
1.040559508104217379e+00 2.220094767391135981e+00 1.346201760078035159e+00
1.641880407270172482e+00 2.822467371112637569e+00 1.914434584728342603e+00
1.315644882803825189e+00 2.615296246726659390e+00 1.315887503919869417e+00
1.227878321871668010e+00 1.639478966115166747e+00 1.417281215064251088e+00
1.632387016639516908e+00 1.974302256198681160e+00 1.310069287645280856e+00
1.620543990290842506e+00 2.027769343273156721e+00 1.312218486041049736e+00
1.507150309869139893e+00 2.500239210777551957e+00 2.394307589284420779e+00
1.439821502563495947e+00 2.669533973723223763e+00 2.343504040921557952e+00
1.888596036569279324e+00 1.230157827180408781e+00 1.326451476452644718e+00
1.685218488704045559e+00 2.656202271755919053e+00 1.585242132100794121e+00
1.229038526382278285e+00 2.423149966815149270e+00 1.265009276837158803e+00
1.911676807365356945e+00 1.909646514516122995e+00 2.394632147438497061e+00
1.580613736945388759e+00 2.672387614847145709e+00 1.499921659567277521e+00
1.585648828990357861e+00 2.839106821399369984e+00 2.085423788357845254e+00
1.977189634520769346e+00 2.258963491586002181e+00 2.025477147722916982e+00
1.921379837235581034e+00 2.357139293199605579e+00 2.020427916852668648e+00
1.460741567987796419e+00 2.333302202339826881e+00 1.300043864938638105e+00
1.608769709720197172e+00 2.377509048043638273e+00 2.386426305206693410e+00
2.038427323217139264e+00 2.175447990032174594e+00 1.816305495517588575e+00
1.930297399439690142e+00 2.371725273957503877e+00 1.836959311611212620e+00
1.875620313630907310e+00 2.248289002326032016e+00 1.539339749687070880e+00
1.580494555485047359e+00 2.538671382090089246e+00 1.976940095100238715e+00
1.245131322428529197e+00 2.333032019379300159e+00 1.696794445835114296e+00
1.968024722144050109e+00 1.228805167618578720e+00 1.624056064350869910e+00
2.291704611846214323e+00 1.434028883491998085e+00 2.016688730032103027e+00
1.125796618390513704e+00 2.271942902367422246e+00 1.824153268026408758e+00
1.202265095569032161e+00 2.303635985465051217e+00 1.596203863708854032e+00
1.449176644783090273e+00 2.476966566428886019e+00 2.225084068667776194e+00
2.057101852946165099e+00 1.280758855880847591e+00 1.642336305863684398e+00
1.459200441143765570e+00 2.473335497266270888e+00 2.051541623728371011e+00
2.181200914819780401e+00 1.353937268482637180e+00 1.690462890873069668e+00
1.424263099177629721e+00 2.428873495333959465e+00 1.575592814741918035e+00
1.789188138038469100e+00 1.129398335250149765e+00 1.666750622050295005e+00
2.187390393260066013e+00 1.361776639125112043e+00 1.778706108555826448e+00
1.216286759844164234e+00 2.515905494957053179e+00 1.261682814371605454e+00
2.372344224884944897e+00 1.465809042517489669e+00 1.745555762986316761e+00
1.955697329425791331e+00 1.212665498591184221e+00 1.448163310575770968e+00
1.878518929073799804e+00 1.188903070989192123e+00 1.833240900893472247e+00
2.163966912652689700e+00 1.938676689826527966e+00 1.795439639819557787e+00
1.981652019227420958e+00 1.264702894777436581e+00 2.158604807680676529e+00
2.074245306500756225e+00 1.309006364413632051e+00 1.993768302930303937e+00
1.977874312340529794e+00 1.221826265067982087e+00 1.380614872418024941e+00
2.220912636640905102e+00 1.395054312441258881e+00 2.044334222803512180e+00
1.256944221073354573e+00 2.329731688972333181e+00 1.505564097771695753e+00
1.312543866162533490e+00 2.371826416428548523e+00 1.703934170907946077e+00
2.270970579319712801e+00 1.708636854357479917e+00 1.720776455871667165e+00
2.193545508362425345e+00 1.370067571361937242e+00 1.866538930876879387e+00
1.442619585542225247e+00 2.613526692080681002e+00 2.388498406776428773e+00
2.068739844296683117e+00 1.281319309217124003e+00 1.529928564352383447e+00
1.510740498948846877e+00 2.496206483076507165e+00 1.917103549397038087e+00
1.353193758216422626e+00 2.397791759989270410e+00 1.751973573040773058e+00
1.600623954127777804e+00 2.547786925359198928e+00 1.926522874807852892e+00
1.471996593589429470e+00 2.032023664788483064e+00 1.286179406321972474e+00
1.780894624037691942e+00 2.614837310999268638e+00 1.987994762525184811e+00
1.571295440010566313e+00 1.539645422574133393e+00 1.318447179464109942e+00
1.585699675214465865e+00 2.158412983543700037e+00 1.316180527287482027e+00
1.742565363262368550e+00 2.214538141629615264e+00 1.402767460741350725e+00
1.709013702273694424e+00 2.145669516227009410e+00 2.412880972838302718e+00
1.373255151069259217e+00 1.995747978600770134e+00 1.283680530750839432e+00
1.703943404478319268e+00 1.414646888888724696e+00 1.313987502121553019e+00
1.739727662096700822e+00 2.338271603283685884e+00 2.314645867950614999e+00
