1.708057373762130737e-01 4.968178272247314453e-01 1.173330321907997131e-01
-1.392241567373275757e-01 -3.844068199396133423e-02 -2.303081899881362915e-01
-8.952974528074264526e-02 9.858530163764953613e-01 -6.811369955539703369e-02
1.279217749834060669e-01 -3.277316093444824219e-01 1.897436380386352539e-01
-1.183094382286071777e-01 1.123983561992645264e-01 2.390425950288772583e-01
-2.354494184255599976e-01 4.176406860351562500e-01 -1.209892556071281433e-01
2.608796060085296631e-01 6.447201967239379883e-02 -1.736475899815559387e-02
1.277460157871246338e-01 3.521723747253417969e-01 -2.319778352975845337e-01
1.564817875623703003e-01 -2.413485497236251831e-01 -1.790759265422821045e-01
7.240357808768749237e-03 6.636961698532104492e-01 -1.348738074302673340e-01
-1.541632264852523804e-01 4.393463134765625000e-01 2.025736719369888306e-01
-2.656790912151336670e-01 1.411710232496261597e-01 -3.666253387928009033e-02
1.661482602357864380e-01 2.248386591672897339e-01 2.067917585372924805e-01
1.357428282499313354e-01 -5.443428084254264832e-02 2.331548333168029785e-01
4.341050982475280762e-02 8.132627010345458984e-01 9.782434999942779541e-02
1.075343191623687744e-01 7.406818121671676636e-02 -2.391837686300277710e-01
-1.056551635265350342e-01 2.272113412618637085e-01 -2.437533587217330933e-01
2.514767646789550781e-01 -1.835255324840545654e-01 3.870073705911636353e-02
2.629007697105407715e-01 3.137701451778411865e-01 -8.190405555069446564e-03
-1.381696313619613647e-01 6.295120120048522949e-01 5.750640109181404114e-02
-5.837735906243324280e-02 4.597337841987609863e-01 -2.310990840196609497e-01
2.174683809280395508e-01 -3.877515792846679688e-01 -3.810371831059455872e-02
4.508895799517631531e-02 3.990986645221710205e-01 2.630330026149749756e-01
1.130705699324607849e-01 9.794380664825439453e-01 -1.113428268581628799e-02
1.635998189449310303e-01 5.317050218582153320e-01 -9.339589625597000122e-02
-2.401947826147079468e-01 2.751921713352203369e-01 1.174209117889404297e-01
4.566894844174385071e-02 -1.083907410502433777e-01 -2.652831971645355225e-01
-9.959165751934051514e-02 7.970054745674133301e-01 -3.231262788176536560e-02
3.202165663242340088e-02 6.255575418472290039e-01 1.461566686630249023e-01
2.180835306644439697e-01 -6.084930524230003357e-02 -1.526249498128890991e-01
2.162381112575531006e-01 2.079311460256576538e-01 -1.513068079948425293e-01
-3.706720098853111267e-02 9.854136705398559570e-01 1.078423187136650085e-01
1.260763555765151978e-01 6.853138804435729980e-01 8.626783965155482292e-04
6.080135703086853027e-02 8.330350518226623535e-01 -9.286863356828689575e-02
-2.349221557378768921e-01 4.603489339351654053e-01 4.853416606783866882e-02
-9.010093659162521362e-02 2.847707271575927734e-01 2.501150965690612793e-01
-1.343030482530593872e-01 5.611437559127807617e-01 -1.136954724788665771e-01
5.845504626631736755e-02 9.630984067916870117e-02 2.596058249473571777e-01
2.183471620082855225e-01 7.159883528947830200e-02 1.458051651716232300e-01
-3.045885451138019562e-02 -5.100707709789276123e-02 2.676905095577239990e-01
3.593218326568603516e-02 -2.022433131933212280e-01 2.491484582424163818e-01
-1.990683525800704956e-01 1.123974770307540894e-01 -1.778456419706344604e-01
-2.350100129842758179e-01 2.591985762119293213e-01 -1.286345422267913818e-01
2.272227406501770020e-01 3.457573652267456055e-01 1.362265646457672119e-01
-2.328130900859832764e-01 1.171032786369323730e-01 1.357871890068054199e-01
-3.945745527744293213e-02 9.325172752141952515e-02 -2.608893513679504395e-01
5.381513759493827820e-02 2.263325899839401245e-01 -2.598348557949066162e-01
1.802964359521865845e-01 -1.856345683336257935e-01 1.834165006875991821e-01
2.268712222576141357e-01 4.033167362213134766e-01 -1.363677233457565308e-01
2.576281428337097168e-01 -4.485569149255752563e-02 7.297275215387344360e-02
2.593857049942016602e-01 1.887475997209548950e-01 5.763821676373481750e-02
2.423375695943832397e-01 4.532308578491210938e-01 8.749811677262187004e-04
4.986067861318588257e-02 5.371533632278442383e-01 -1.797789335250854492e-01
-2.680517435073852539e-01 3.233487308025360107e-01 -8.278282359242439270e-03
-1.024364028126001358e-02 5.081539750099182129e-01 2.029251754283905029e-01
2.128987908363342285e-01 -3.093653023242950439e-01 8.497674018144607544e-02
-1.589085906744003296e-01 3.457573652267456055e-01 -2.124691605567932129e-01
4.486926645040512085e-02 2.655256986618041992e-01 2.611876130104064941e-01
-5.673406273126602173e-02 7.246827483177185059e-01 1.016909331083297729e-01
-8.638374507427215576e-02 8.531588912010192871e-01 8.565338701009750366e-02
-1.128410361707210541e-02 3.425059020519256592e-01 -2.647559642791748047e-01
2.194895595312118530e-01 7.881353795528411865e-02 -1.426069885492324829e-01
2.252015769481658936e-01 -2.618238627910614014e-01 -6.487103551626205444e-02
3.181954100728034973e-02 9.558869600296020508e-01 -1.156287640333175659e-01
-1.069733127951622009e-01 6.780201196670532227e-01 -7.644443213939666748e-02
-1.234941780567169189e-01 5.414593219757080078e-01 1.408840566873550415e-01
1.524394452571868896e-01 4.224739372730255127e-01 2.119764983654022217e-01
7.490561157464981079e-02 9.399812817573547363e-01 9.633044153451919556e-02
2.651855647563934326e-01 -8.932143449783325195e-02 -3.711070865392684937e-02
1.166735365986824036e-01 8.528952598571777344e-01 1.018466521054506302e-02
-1.722658872604370117e-01 2.171054929494857788e-01 2.047705948352813721e-01
1.521758139133453369e-01 -1.280751675367355347e-01 -2.196750640869140625e-01
1.636877059936523438e-01 5.774888396263122559e-01 1.733785122632980347e-02
-5.162841081619262695e-02 8.772371411323547363e-01 -1.134318411350250244e-01
1.713330000638961792e-01 -3.476796746253967285e-01 -1.448039114475250244e-01
2.595614492893218994e-01 1.697222441434860229e-01 -5.553850531578063965e-02
1.449699103832244873e-01 4.595580101013183594e-01 -1.861060708761215210e-01
-1.856231838464736938e-01 5.421622991561889648e-01 -1.746142283082008362e-02
5.486087501049041748e-02 4.324918985366821289e-01 -2.504319846630096436e-01
-1.138076838105916977e-02 -1.260485313832759857e-02 -2.659862339496612549e-01
-1.263941079378128052e-01 9.085213541984558105e-01 1.003281446173787117e-03
-2.087147906422615051e-02 1.697573810815811157e-01 2.675147354602813721e-01
-2.329009920358657837e-01 3.813475072383880615e-01 1.380719989538192749e-01
-6.716505438089370728e-02 4.087651371955871582e-01 2.581118941307067871e-01
-1.482754796743392944e-01 4.702789783477783203e-01 -1.731881648302078247e-01
4.523834958672523499e-02 -2.122613042593002319e-01 -2.428745776414871216e-01
7.318322360515594482e-02 7.078103423118591309e-01 9.395776689052581787e-02
1.452335417270660400e-01 -2.244706824421882629e-02 -2.218719869852066040e-01
9.716483950614929199e-02 6.094760894775390625e-01 -1.163317784667015076e-01
1.550757586956024170e-01 1.187369152903556824e-01 2.147006988525390625e-01
2.107897400856018066e-01 -8.325792849063873291e-02 1.669835150241851807e-01
-2.970311231911182404e-02 7.541215419769287109e-01 -1.011290699243545532e-01
2.355710417032241821e-01 -1.551412492990493774e-01 -1.150136291980743408e-01
8.846502006053924561e-02 5.188749432563781738e-01 1.756833195686340332e-01
7.909733802080154419e-02 7.258251309394836426e-01 -7.972224056720733643e-02
-2.667335867881774902e-01 2.176327705383300781e-01 2.928911335766315460e-02
1.501546502113342285e-01 2.462806403636932373e-01 -2.167751342058181763e-01
-4.343828186392784119e-02 4.920779541134834290e-02 2.608360946178436279e-01
-4.803424328565597534e-02 5.707223415374755859e-01 -1.633459478616714478e-01
-6.645325571298599243e-02 6.294241547584533691e-01 1.337660104036331177e-01
1.433881223201751709e-01 3.201851546764373779e-01 2.218187153339385986e-01
-1.686629354953765869e-01 3.516505286097526550e-02 2.051220983266830444e-01
5.510693043470382690e-02 -9.898789227008819580e-02 2.662844657897949219e-01
-2.122298628091812134e-02 9.964861273765563965e-01 1.096431049518287182e-03
-1.640054583549499512e-01 3.330152034759521484e-01 2.096917033195495605e-01
-1.308758407831192017e-01 5.788124725222587585e-02 -2.303960472345352173e-01
2.144805788993835449e-01 3.041036427021026611e-01 -1.499886512756347656e-01
2.312650680541992188e-01 2.439958453178405762e-01 1.309539526700973511e-01
1.146523579955101013e-01 5.950642824172973633e-01 1.087210923433303833e-01
3.648647980298846960e-04 8.918247222900390625e-01 1.254177093505859375e-01
2.474344372749328613e-01 6.288683507591485977e-03 -8.908992260694503784e-02
-1.870292127132415771e-01 2.112177312374114990e-01 -1.926089823246002197e-01
2.368013113737106323e-01 4.305586218833923340e-01 9.931825846433639526e-02
-1.165518984198570251e-01 7.207282781600952148e-01 1.514092553406953812e-02
6.682971864938735962e-02 -7.414604187943041325e-04 2.587270438671112061e-01
1.613150238990783691e-01 1.411534547805786133e-01 -2.093934714794158936e-01
-1.915988177061080933e-01 4.916330575942993164e-01 -9.304439276456832886e-02
2.498949766159057617e-01 2.559471130371093750e-01 -8.219158649444580078e-02
-4.907998070120811462e-02 -1.454748064279556274e-01 2.632087767124176025e-01
-1.943229883909225464e-01 1.419761870056390762e-02 -1.827667504549026489e-01
1.598211079835891724e-01 2.860943414270877838e-02 2.094280868768692017e-01
-1.063581779599189758e-01 9.850621223449707031e-01 4.269913956522941589e-02
1.156190037727355957e-01 -2.388880103826522827e-01 2.119764983654022217e-01
-2.613731026649475098e-01 4.189588427543640137e-01 -3.649557009339332581e-02
-1.762203425168991089e-01 5.360988378524780273e-01 7.072309404611587524e-02
-2.418644279241561890e-01 1.634038835763931274e-01 -1.179135590791702271e-01
9.848298877477645874e-02 7.637879848480224609e-01 2.787429466843605042e-02
2.549918591976165771e-01 8.346223086118698120e-02 6.749801337718963623e-02
9.514366835355758667e-02 9.137061238288879395e-01 -7.549536228179931641e-02
-2.640973031520843506e-01 1.316363811492919922e-01 4.815629869699478149e-02
2.330226153135299683e-01 -1.552291512489318848e-01 1.238359212875366211e-01
2.169411331415176392e-01 1.633950918912887573e-01 1.540655940771102905e-01
-1.960805356502532959e-01 4.687850475311279297e-01 1.233086660504341125e-01
-2.627791166305541992e-01 2.271234542131423950e-01 -5.545941367745399475e-02
3.568612784147262573e-02 1.315836459398269653e-01 -2.622953951358795166e-01
6.916724145412445068e-02 1.849864721298217773e-01 2.596058249473571777e-01
9.118920564651489258e-02 -2.805416882038116455e-01 -2.131721824407577515e-01
-3.030946478247642517e-02 1.984492242336273193e-01 -2.641408145427703857e-01
1.287126690149307251e-01 -1.455626785755157471e-01 2.347366213798522949e-01
-1.269213706254959106e-01 1.483417749404907227e-01 -2.357565462589263916e-01
6.821817159652709961e-02 -2.719242498278617859e-02 -2.580772936344146729e-01
-2.609337270259857178e-01 6.112390384078025818e-02 -4.977377504110336304e-02
2.577160298824310303e-01 3.607843220233917236e-01 5.780518800020217896e-02
-6.756050139665603638e-02 -7.042787969112396240e-02 -2.614166140556335449e-01
2.290681451559066772e-01 -3.141985535621643066e-01 -3.547866130247712135e-03
-2.598792016506195068e-01 3.520844876766204834e-01 6.791102886199951172e-02
-9.950377792119979858e-02 3.874988853931427002e-01 -2.474441826343536377e-01
2.604402005672454834e-01 3.903109729290008545e-01 -4.605658352375030518e-02
1.969051808118820190e-01 5.054297447204589844e-01 4.184672981500625610e-02
-8.485468477010726929e-02 4.794181883335113525e-01 2.042433321475982666e-01
-2.516187727451324463e-01 3.266880512237548828e-01 -8.917780220508575439e-02
-2.328130900859832764e-01 1.983525604009628296e-01 1.378962397575378418e-01
-1.468694508075714111e-01 6.296877861022949219e-01 -2.697849646210670471e-02
2.093837112188339233e-01 4.671154320240020752e-01 -9.075959026813507080e-02
2.062201499938964844e-01 -2.401182800531387329e-01 1.227814033627510071e-01
1.418063342571258545e-01 6.183516383171081543e-01 -4.566113650798797607e-02
2.650977075099945068e-01 -1.269273180514574051e-02 -8.392522111535072327e-03
2.486647069454193115e-01 -1.901163011789321899e-01 -4.622354730963706970e-02
-9.897650778293609619e-02 -3.289895830675959587e-03 2.481818050146102905e-01
-7.699848711490631104e-02 3.041036427021026611e-01 -2.536834478378295898e-01
2.643068134784698486e-01 2.368777841329574585e-01 -8.357371203601360321e-03
7.213995326310396194e-03 3.329273164272308350e-01 2.661087214946746826e-01
1.752874553203582764e-01 4.495454952120780945e-02 -1.946301460266113281e-01
-9.264937788248062134e-02 1.887827664613723755e-01 2.516090273857116699e-01
5.145125091075897217e-02 4.694001674652099609e-01 2.240156382322311401e-01
1.908416748046875000e-01 -1.736833006143569946e-01 -1.738032996654510498e-01
-2.151498347520828247e-01 3.266001641750335693e-01 -1.557006537914276123e-01
3.648580610752105713e-02 9.970134496688842773e-01 -4.697050154209136963e-02
1.021738275885581970e-01 1.696870923042297363e-01 -2.449836283922195435e-01
1.868872195482254028e-01 3.621903359889984131e-01 -1.877757459878921509e-01
-1.757809519767761230e-01 1.413907110691070557e-01 2.025736719369888306e-01
-2.370312064886093140e-01 8.360282331705093384e-02 -1.217801496386528015e-01
7.969489693641662598e-02 2.944371998310089111e-01 -2.510471642017364502e-01
-9.651596099138259888e-02 7.933146953582763672e-01 4.086250811815261841e-02
2.061322629451751709e-01 4.111378192901611328e-01 1.626775413751602173e-01
-1.060945466160774231e-01 8.688009381294250488e-01 -6.599586457014083862e-02
-3.529208898544311523e-02 7.938418984413146973e-01 9.843948483467102051e-02
2.472586780786514282e-01 3.324879407882690430e-01 -8.768389374017715454e-02
-7.705121487379074097e-02 1.595515385270118713e-02 -2.538592219352722168e-01
-8.713069558143615723e-02 6.250303387641906738e-01 -1.211650148034095764e-01
1.152674928307533264e-01 5.179082751274108887e-01 -1.562279164791107178e-01
6.457127630710601807e-02 9.968376755714416504e-01 3.900830820202827454e-02
1.196613460779190063e-01 6.585992574691772461e-01 6.710256636142730713e-02
2.526191771030426025e-01 2.847707271575927734e-01 7.598692178726196289e-02
-8.205141127109527588e-02 5.106145143508911133e-01 -1.822394877672195435e-01
2.664158642292022705e-01 -1.053150370717048645e-01 3.267237916588783264e-02
2.316165864467620850e-01 -1.295636687427759171e-02 1.314812153577804565e-01
7.266720756888389587e-03 4.898755550384521484e-01 -2.118540257215499878e-01
-2.172388508915901184e-02 9.942892789840698242e-01 -8.777176588773727417e-02
9.110132604837417603e-02 8.720523715019226074e-01 8.311374485492706299e-02
2.103503644466400146e-01 -3.286982476711273193e-01 -8.331640809774398804e-02
1.757268309593200684e-01 -3.477675318717956543e-01 1.414113193750381470e-01
2.334619909524917603e-01 -2.517180144786834717e-01 2.924517728388309479e-02
5.606479197740554810e-02 3.619267046451568604e-01 -2.589560449123382568e-01
1.165856570005416870e-01 9.179241657257080078e-01 3.710137680172920227e-02
1.983112096786499023e-01 2.879343032836914062e-01 1.735742837190628052e-01
1.947082579135894775e-01 5.128114223480224609e-01 -2.709273435175418854e-02
7.064604200422763824e-03 7.055255770683288574e-01 1.209359839558601379e-01
-5.095176026225090027e-02 5.553438663482666016e-01 1.726955026388168335e-01
-2.006501406431198120e-01 3.984835147857666016e-01 -1.774062514305114746e-01
2.067473977804183960e-01 -2.319457232952117920e-01 -1.239770725369453430e-01
1.717045344412326813e-02 8.893641233444213867e-01 -1.222195401787757874e-01
9.101345390081405640e-02 -1.553170084953308105e-01 -2.461260408163070679e-01
1.644986122846603394e-02 5.467373877763748169e-02 -2.619438767433166504e-01
-1.285710092633962631e-02 4.541096091270446777e-01 2.438758462667465210e-01
-2.028470635414123535e-01 2.751921713352203369e-01 1.740136593580245972e-01
7.249144371598958969e-03 2.751921713352203369e-01 -2.646680772304534912e-01
2.488404661417007446e-01 9.311989694833755493e-02 -8.336912840604782104e-02
2.654492259025573730e-01 1.410392075777053833e-01 1.038678176701068878e-02
-1.048642694950103760e-01 6.851381063461303711e-01 7.658448815345764160e-02
2.155351042747497559e-01 6.200818344950675964e-03 -1.507795453071594238e-01
-1.881269970908761024e-03 -1.557564139366149902e-01 -2.643165588378906250e-01
1.077979505062103271e-01 2.527835369110107422e-01 2.418546527624130249e-01
-7.956449687480926514e-02 9.186272025108337402e-01 9.729708731174468994e-02
1.725832931697368622e-02 6.006004810333251953e-01 -1.541188657283782959e-01
-1.643569618463516235e-01 2.719407081604003906e-01 -2.079874426126480103e-01
1.605241298675537109e-01 -2.677995264530181885e-01 1.724318712949752808e-01
1.063919216394424438e-01 5.253832787275314331e-02 2.406243830919265747e-01
-2.997552976012229919e-02 4.084136188030242920e-01 -2.618560194969177246e-01
-1.270971298217773438e-01 3.902230858802795410e-01 2.376365810632705688e-01
2.102624922990798950e-01 -3.797547519207000732e-01 7.255093753337860107e-02
2.382073402404785156e-01 1.555213332176208496e-01 -1.159802749752998352e-01
2.304063178598880768e-02 5.578044056892395020e-01 1.758590787649154663e-01
-1.850513042882084846e-03 8.237200975418090820e-01 -1.091258749365806580e-01
1.047222539782524109e-01 -8.000647276639938354e-02 -2.465654164552688599e-01
9.233160316944122314e-02 7.738938331604003906e-01 -3.862219303846359253e-02
-4.894816502928733826e-02 2.367020547389984131e-01 2.620663642883300781e-01
-6.299968808889389038e-02 9.399812817573547363e-01 -1.058744192123413086e-01
-6.938834488391876221e-02 8.195898532867431641e-01 -8.424790203571319580e-02
1.013829335570335388e-01 3.620145916938781738e-01 2.451061159372329712e-01
3.768971934914588928e-02 7.737181186676025391e-01 -9.348377585411071777e-02
-8.365955948829650879e-02 -8.475182950496673584e-02 2.592543065547943115e-01
-2.611094713211059570e-01 2.846828699111938477e-01 5.822699517011642456e-02
-5.658467113971710205e-02 6.861926317214965820e-01 -1.141348555684089661e-01
-1.527571976184844971e-01 4.193103611469268799e-01 -2.134358137845993042e-01
-1.188367009162902832e-01 8.458650708198547363e-01 4.000764340162277222e-03
2.572087943553924561e-02 9.818106293678283691e-01 1.123240441083908081e-01
-1.918624490499496460e-01 3.903109729290008545e-01 1.909739226102828979e-01
7.289322465658187866e-02 4.758152067661285400e-01 -2.085147053003311157e-01
2.462920248508453369e-01 -9.591219574213027954e-02 1.081059500575065613e-01
1.699269711971282959e-01 -1.052271649241447449e-01 2.100432217121124268e-01
-1.124016568064689636e-02 1.027336418628692627e-01 2.665480971336364746e-01
6.596852093935012817e-02 6.703748106956481934e-01 -1.143984869122505188e-01
-1.435301154851913452e-01 4.861847460269927979e-01 1.627654135227203369e-01
-1.041612550616264343e-01 7.329431772232055664e-01 -4.463297501206398010e-02
1.358307003974914551e-01 -1.939828693866729736e-01 -2.127327919006347656e-01
1.950597614049911499e-01 -1.945925317704677582e-02 1.806923151016235352e-01
2.458526492118835449e-01 -8.958506584167480469e-02 -1.056986674666404724e-01
1.341610401868820190e-01 4.777485132217407227e-01 1.747166812419891357e-01
1.036677360534667969e-01 8.528952598571777344e-01 -5.354369804263114929e-02
2.554312348365783691e-01 1.613091118633747101e-02 6.765618920326232910e-02
1.904022842645645142e-01 3.490966856479644775e-01 1.849104017019271851e-01
-1.333363950252532959e-01 5.836402773857116699e-01 9.782434999942779541e-02
-2.672608792781829834e-01 8.354131877422332764e-02 1.023739110678434372e-02
7.249144371598958969e-03 1.604303345084190369e-02 2.664602100849151611e-01
-1.974419457837939262e-03 9.969254732131958008e-01 5.872789397835731506e-02
1.797691732645034790e-01 -7.042787969112396240e-02 -1.986724883317947388e-01
2.453253865242004395e-01 1.347911655902862549e-01 9.808798134326934814e-02
-1.422119736671447754e-01 2.655256986618041992e-01 2.265640795230865479e-01
-2.495975941419601440e-01 4.178164303302764893e-01 8.854454755783081055e-02
7.299868017435073853e-02 5.796857476234436035e-01 1.490566134452819824e-01
1.140372231602668762e-01 6.660688519477844238e-01 -6.908912956714630127e-02
1.112251654267311096e-01 4.321403801441192627e-01 -2.303081899881362915e-01
2.564179152250289917e-02 7.182677388191223145e-01 -1.118500530719757080e-01
-4.888664931058883667e-02 3.523481190204620361e-01 2.619785070419311523e-01
1.760783493518829346e-01 3.043673038482666016e-01 -1.954210400581359863e-01
-1.095217466354370117e-01 9.305784702301025391e-01 -6.034537404775619507e-02
1.844266504049301147e-01 -2.904717624187469482e-01 -1.379495114088058472e-01
1.353034526109695435e-01 -3.190317451953887939e-01 -1.830303817987442017e-01
3.389343619346618652e-02 7.532427310943603516e-01 1.006364151835441589e-01
-1.930048465728759766e-01 8.838333934545516968e-02 1.857012957334518433e-01
-1.086229365319013596e-02 -8.009435236454010010e-02 -2.696770429611206055e-01
1.612271368503570557e-01 5.557832717895507812e-01 7.110097259283065796e-02
1.081494614481925964e-01 1.379635185003280640e-01 2.427334487438201904e-01
9.162858873605728149e-02 -1.919617056846618652e-01 2.371971905231475830e-01
2.656249701976776123e-01 -1.417839676141738892e-01 -1.302363630384206772e-02
1.315247267484664917e-01 5.352200269699096680e-01 1.346447914838790894e-01
-2.550459504127502441e-01 2.271234542131423950e-01 8.482734858989715576e-02
-2.089105695486068726e-01 4.933027625083923340e-01 -3.678556159138679504e-02
-7.776301354169845581e-02 9.967498183250427246e-01 -8.427673019468784332e-03
-2.661184668540954590e-01 4.085893630981445312e-01 1.961386203765869141e-02
1.802964359521865845e-01 4.658851623535156250e-01 -1.415524631738662720e-01
7.857008278369903564e-02 6.448904871940612793e-01 1.191784441471099854e-01
1.599089950323104858e-01 4.080621004104614258e-01 -2.073723077774047852e-01
-1.137398406863212585e-01 8.988548517227172852e-01 5.667157471179962158e-02
1.011193022131919861e-01 1.595515385270118713e-02 -2.424352020025253296e-01
-2.513551414012908936e-01 8.280314505100250244e-02 8.938816189765930176e-02
-1.622479110956192017e-01 5.823221206665039062e-01 3.812075033783912659e-02
7.692677527666091919e-02 9.730229377746582031e-01 -8.647997677326202393e-02
-1.358848214149475098e-01 6.069276332855224609e-01 -7.725290209054946899e-02
8.576720207929611206e-02 8.112415671348571777e-01 6.115329638123512268e-02
-2.009570365771651268e-03 -9.898789227008819580e-02 2.730509936809539795e-01
1.033162251114845276e-01 4.282737970352172852e-01 2.379001975059509277e-01
1.202764883637428284e-01 9.084334969520568848e-01 -1.780414208769798279e-02
2.658207528293132782e-02 -5.100707709789276123e-02 2.676905095577239990e-01
1.726511418819427490e-01 1.983437687158584595e-01 -2.010451555252075195e-01
2.626571804285049438e-02 -1.460899412631988525e-01 2.658450603485107422e-01
-2.072409093379974365e-01 3.425059020519256592e-01 1.686531603336334229e-01
-1.598752290010452271e-01 -2.235918864607810974e-02 2.157552093267440796e-01
-9.862500429153442383e-02 9.963158518075942993e-02 -2.455109059810638428e-01
2.208955883979797363e-01 -3.872242569923400879e-01 1.927993074059486389e-02
-2.330767363309860229e-01 4.567459523677825928e-01 -6.927367299795150757e-02
2.636037766933441162e-01 3.994501829147338867e-01 1.980719156563282013e-02
1.458486765623092651e-01 6.284574866294860840e-01 9.947396814823150635e-03
-2.355172485113143921e-02 6.631689071655273438e-01 1.356114298105239868e-01
-7.159405946731567383e-02 1.314781904220581055e-01 2.589906752109527588e-01
2.179956436157226562e-01 -1.226267814636230469e-01 -1.547340154647827148e-01
-1.946745067834854126e-01 4.470795094966888428e-01 -1.542067378759384155e-01
1.399609297513961792e-01 1.823237985372543335e-01 2.277064770460128784e-01
-2.100529670715332031e-01 3.498930111527442932e-02 1.626775413751602173e-01
-1.972907967865467072e-02 6.104427576065063477e-01 1.531868278980255127e-01
1.068313047289848328e-01 7.136102318763732910e-01 4.558150097727775574e-02
-1.389605253934860229e-01 1.697134524583816528e-01 2.319245636463165283e-01
9.259524196386337280e-02 3.041036427021026611e-01 2.472151517868041992e-01
-1.741991639137268066e-01 6.125572323799133301e-02 -1.987603604793548584e-01
1.213310137391090393e-01 -3.114138962700963020e-03 2.372850626707077026e-01
1.981354653835296631e-01 1.266484707593917847e-01 -1.734517961740493774e-01
-1.116307824850082397e-01 3.329273164272308350e-01 2.416789084672927856e-01
-1.089944839477539062e-01 4.873325675725936890e-02 2.414152771234512329e-01
1.809115856885910034e-01 4.577125906944274902e-01 1.560867726802825928e-01
-2.206860780715942383e-01 2.047675698995590210e-01 -1.517461836338043213e-01
-1.238456740975379944e-01 5.211597084999084473e-01 -1.509552896022796631e-01
1.834600120782852173e-01 1.670947074890136719e-01 1.952798813581466675e-01
-2.402826398611068726e-01 3.329273164272308350e-01 1.175087764859199524e-01
-1.054769381880760193e-02 5.339018702507019043e-01 -1.881272345781326294e-01
-1.075005754828453064e-01 4.392584264278411865e-01 2.304306775331497192e-01
-1.662902534008026123e-01 5.571014285087585449e-01 -6.444922834634780884e-02
-2.615488469600677490e-01 2.909221351146697998e-01 -5.143465101718902588e-02
2.253773212432861328e-01 4.640397429466247559e-01 6.008998677134513855e-02
-2.029349356889724731e-01 2.719407081604003906e-01 -1.719578802585601807e-01
1.906659156084060669e-01 2.462806403636932373e-01 -1.829425096511840820e-01
1.329307705163955688e-01 5.748525857925415039e-01 -9.884426742792129517e-02
-1.767476052045822144e-01 1.540362089872360229e-01 -2.012208998203277588e-01
-1.053915321826934814e-01 4.648306071758270264e-01 -2.079874426126480103e-01
-1.987168490886688232e-01 5.128993391990661621e-01 2.919245138764381409e-02
2.425133287906646729e-01 2.079838663339614868e-01 -1.025350987911224365e-01
-9.572506695985794067e-02 7.388309240341186523e-01 5.989665910601615906e-02
7.316564768552780151e-02 5.734465122222900391e-01 -1.502522826194763184e-01
-1.327212601900100708e-01 6.769655942916870117e-01 -8.304645307362079620e-03
1.083252057433128357e-01 2.272113412618637085e-01 -2.410291731357574463e-01
-7.255191355943679810e-02 7.279342412948608398e-01 -8.768389374017715454e-02
9.672545641660690308e-02 -2.926687002182006836e-01 2.117128819227218628e-01
-3.875444084405899048e-02 6.185274124145507812e-01 -1.456826776266098022e-01
-2.545187175273895264e-01 1.124616190791130066e-01 -8.249036967754364014e-02
-4.328888654708862305e-02 8.572012186050415039e-01 1.140815839171409607e-01
1.699269711971282959e-01 5.554317235946655273e-01 -4.795472323894500732e-02
-2.992280386388301849e-02 2.846828699111938477e-01 2.634723782539367676e-01
-4.917664453387260437e-02 1.508023291826248169e-01 -2.617681324481964111e-01
2.454132735729217529e-01 4.179043471813201904e-01 -8.636573702096939087e-02
1.116645410656929016e-01 -9.898789227008819580e-02 2.466879040002822876e-01
2.374164462089538574e-01 1.945650577545166016e-01 1.192663237452507019e-01
-1.494178771972656250e-01 1.920078396797180176e-01 -2.221356332302093506e-01
-1.904117991216480732e-03 4.482218921184539795e-01 -2.470048069953918457e-01
2.632723003625869751e-02 1.506880968809127808e-01 2.662844657897949219e-01
-2.560126185417175293e-01 3.903109729290008545e-01 -8.327247202396392822e-02
2.290681451559066772e-01 -2.008372843265533447e-01 1.001970246434211731e-01
5.352514609694480896e-02 8.891884684562683105e-01 1.124998033046722412e-01
-2.988765574991703033e-02 3.505960106849670410e-02 -2.609772384166717529e-01
1.371488571166992188e-01 6.095639467239379883e-01 6.632045656442642212e-02
1.033162251114845276e-01 9.606323242187500000e-01 6.058210134506225586e-02
1.900507807731628418e-01 8.530764281749725342e-02 1.845588982105255127e-01
-8.563679456710815430e-02 5.781918764114379883e-01 1.452779024839401245e-01
-8.105840533971786499e-02 9.730229377746582031e-01 8.869393914937973022e-02
-2.677002549171447754e-01 2.751921713352203369e-01 1.023739110678434372e-02
-2.590004205703735352e-01 1.697310209274291992e-01 7.888686656951904297e-02
9.039831161499023438e-02 -2.216641157865524292e-01 -2.260022014379501343e-01
2.618662826716899872e-02 2.080190181732177734e-01 2.652299404144287109e-01
1.889962553977966309e-01 4.298555850982666016e-01 -1.744184345006942749e-01
-2.269253581762313843e-01 3.847801312804222107e-02 -1.381252557039260864e-01
2.574523985385894775e-01 -1.458262950181961060e-01 -6.498528271913528442e-02
-1.220881491899490356e-01 9.650261998176574707e-01 9.848274057731032372e-04
2.504222393035888672e-01 2.367020547389984131e-01 8.450220525264739990e-02
2.662401199340820312e-01 1.889145672321319580e-01 9.602217469364404678e-04
-9.502204507589340210e-02 5.604407191276550293e-01 -1.482311189174652100e-01
-2.157649844884872437e-01 4.306464791297912598e-01 1.464203000068664551e-01
1.828448772430419922e-01 -1.286848820745944977e-02 -1.924332231283187866e-01
-5.959885194897651672e-02 9.970134496688842773e-01 4.911415278911590576e-02
-2.126892805099487305e-01 1.507408171892166138e-01 1.646108329296112061e-01
-2.445007264614105225e-01 2.112177312374114990e-01 -1.093894988298416138e-01
-6.886987388134002686e-02 2.561228573322296143e-01 -2.569348812103271484e-01
-1.636539399623870850e-01 4.933027625083923340e-01 -1.332920193672180176e-01
1.331065148115158081e-01 3.041036427021026611e-01 -2.280233651399612427e-01
2.411072999238967896e-01 -4.169211909174919128e-02 -1.113227978348731995e-01
2.593857049942016602e-01 4.484030976891517639e-02 2.885851822793483734e-02
-1.594358384609222412e-01 5.179961323738098145e-01 1.184754297137260437e-01
-2.081196755170822144e-01 2.272992283105850220e-01 1.692683100700378418e-01
1.446184068918228149e-01 3.685174882411956787e-01 2.231368869543075562e-01
-2.060538856312632561e-03 4.088529944419860840e-01 2.666359543800354004e-01
-6.607537716627120972e-02 6.749444007873535156e-01 1.160148680210113525e-01
7.610952109098434448e-02 -4.801926016807556152e-02 2.586391568183898926e-01
2.693358249962329865e-02 9.965741038322448730e-01 1.093794708140194416e-03
8.171607553958892822e-02 1.220489963889122009e-01 -2.518380582332611084e-01
-2.329009920358657837e-01 4.679063260555267334e-01 1.063037896528840065e-03
1.030525937676429749e-01 8.062325716018676758e-01 5.708213429898023605e-03
1.100827530026435852e-01 7.142254114151000977e-01 -3.404380381107330322e-02
2.036717087030410767e-01 2.336263805627822876e-01 1.689168065786361694e-01
1.063919216394424438e-01 9.555355906486511230e-01 -5.288461968302726746e-02
3.546643257141113281e-02 3.137701451778411865e-01 -2.606257498264312744e-01
7.082179188728332520e-03 8.392742872238159180e-01 1.152239814400672913e-01
2.601765990257263184e-01 2.462806403636932373e-01 3.856013342738151550e-02
-1.183973029255867004e-01 3.393423557281494141e-01 -2.372504621744155884e-01
-7.900208234786987305e-02 7.706423997879028320e-01 -6.694493442773818970e-02
-2.705123126506805420e-01 1.793447732925415039e-01 8.688297821208834648e-04
-1.140713132917881012e-02 9.276784658432006836e-01 -1.223074197769165039e-01
-2.662063539028167725e-01 3.714174032211303711e-01 -3.672404959797859192e-02
9.549517929553985596e-02 3.904867172241210938e-01 -2.473563104867935181e-01
2.594735920429229736e-01 2.751042544841766357e-01 -3.634617850184440613e-02
-9.291300177574157715e-02 -2.877421118319034576e-02 -2.500804960727691650e-01
2.049898654222488403e-01 4.625457823276519775e-01 1.145209670066833496e-01
-1.090823635458946228e-01 6.425178050994873047e-01 9.729708731174468994e-02
-1.249880865216255188e-01 2.751921713352203369e-01 -2.343505173921585083e-01
2.461162805557250977e-01 -2.160400003194808960e-01 8.257700246758759022e-04
1.736177951097488403e-01 -5.443428084254264832e-02 2.042433321475982666e-01
1.925992071628570557e-01 -1.395870447158813477e-01 1.868437081575393677e-01
2.585069239139556885e-01 -3.220141679048538208e-02 -6.408014148473739624e-02
-1.117865182459354401e-02 -1.743863075971603394e-01 2.612754702568054199e-01
2.310893088579177856e-01 2.464563995599746704e-01 -1.286345422267913818e-01
2.643068134784698486e-01 3.617509305477142334e-01 -8.322220295667648315e-03
1.432123631238937378e-01 -1.858982145786285400e-01 2.122401446104049683e-01
2.528828084468841553e-01 -1.366870999336242676e-01 8.569733053445816040e-02
2.590341866016387939e-01 3.138580024242401123e-01 3.841074556112289429e-02
1.649179756641387939e-01 2.815192937850952148e-01 2.054736167192459106e-01
2.261682152748107910e-01 -2.405576556921005249e-01 7.601328939199447632e-02
1.658167690038681030e-02 4.085893630981445312e-01 -2.630862891674041748e-01
2.373285889625549316e-01 4.920779541134834290e-02 1.096877381205558777e-01
3.565976396203041077e-02 5.123720169067382812e-01 1.968616694211959839e-01
-1.584692001342773438e-01 1.911872625350952148e-02 -2.119419127702713013e-01
4.643347859382629395e-02 -1.549655199050903320e-01 -2.588681876659393311e-01
1.932143568992614746e-01 -2.839688658714294434e-01 1.298994272947311401e-01
6.021258234977722168e-02 8.803128004074096680e-01 -1.078077107667922974e-01
6.276101619005203247e-02 9.888409376144409180e-01 8.446704596281051636e-02
2.382952421903610229e-01 4.501551687717437744e-01 -5.411489680409431458e-02
7.299868017435073853e-02 -2.405576556921005249e-01 2.292882651090621948e-01
5.855171009898185730e-02 3.552480638027191162e-01 2.601330876350402832e-01
1.897871494293212891e-01 -1.177935600280761719e-01 -1.905878037214279175e-01
2.374164462089538574e-01 3.872352540493011475e-01 1.197935938835144043e-01
-1.834062300622463226e-02 7.489367723464965820e-01 1.066999211907386780e-01
1.765177249908447266e-01 9.321656823158264160e-02 -1.955089122056961060e-01
4.135419055819511414e-02 5.416405200958251953e-02 2.605724632740020752e-01
2.285408973693847656e-01 -2.165672481060028076e-01 -8.715663105249404907e-02
2.322317212820053101e-01 -2.710509598255157471e-01 -1.734718121588230133e-02
2.274863570928573608e-01 1.150988042354583740e-01 1.366659700870513916e-01
2.306499332189559937e-01 3.425059020519256592e-01 -1.283709257841110229e-01
2.571009099483489990e-01 2.641251124441623688e-02 -5.011649802327156067e-02
-1.584692001342773438e-01 9.321656823158264160e-02 2.139098048210144043e-01
-9.220998734235763550e-02 2.367020547389984131e-01 2.505544722080230713e-01
1.386427581310272217e-01 1.027951613068580627e-01 -2.250355631113052368e-01
-8.355410397052764893e-02 8.355011045932769775e-02 2.529271543025970459e-01
2.147442102432250977e-01 2.781854011118412018e-02 1.520444303750991821e-01
4.939493164420127869e-02 3.118368387222290039e-01 2.602209448814392090e-01
-1.541632264852523804e-01 1.188713610172271729e-01 -2.168630063533782959e-01
-2.516187727451324463e-01 2.671074867248535156e-01 -8.829903602600097656e-02
5.721598118543624878e-02 -2.568148970603942871e-01 -2.288142591714859009e-01
-2.051318585872650146e-01 4.894361495971679688e-01 6.619743257761001587e-02
2.639552950859069824e-01 -4.142849519848823547e-02 2.947365678846836090e-02
-8.621677756309509277e-02 1.888354867696762085e-01 -2.529804408550262451e-01
-6.526691466569900513e-02 4.488370120525360107e-01 2.403607666492462158e-01
1.514728069305419922e-01 -2.235974222421646118e-01 1.914132982492446899e-01
-1.669053882360458374e-01 5.807403326034545898e-01 -8.682515472173690796e-03
-2.496854662895202637e-01 1.315836459398269653e-01 9.826373308897018433e-02
-1.793839186429977417e-01 4.524399340152740479e-01 1.695319414138793945e-01
2.573645412921905518e-01 4.040197730064392090e-01 6.291083991527557373e-02
1.272187680006027222e-01 8.998270332813262939e-02 2.331548333168029785e-01
2.187865376472473145e-01 -1.246479749679565430e-01 1.555594950914382935e-01
2.415466755628585815e-01 -5.127071216702461243e-02 1.136421933770179749e-01
9.118920564651489258e-02 4.716850519180297852e-01 2.067038863897323608e-01
7.913248986005783081e-02 9.941134452819824219e-01 -3.944823518395423889e-02
-4.316586256027221680e-02 4.811757504940032959e-01 2.157552093267440796e-01
1.423335969448089600e-01 2.070051245391368866e-02 -2.211689800024032593e-01
7.443106919527053833e-02 7.477065324783325195e-01 7.747204601764678955e-02
2.584190368652343750e-01 1.412764787673950195e-01 5.748004093766212463e-02
1.846024096012115479e-01 -2.216641157865524292e-01 1.601291000843048096e-01
6.518641859292984009e-02 9.274148941040039062e-01 -1.031502410769462585e-01
2.244106829166412354e-01 -3.191196322441101074e-01 3.891164064407348633e-02
-2.245526760816574097e-01 4.576247036457061768e-01 9.009117633104324341e-02
6.410553306341171265e-02 -1.648077219724655151e-01 2.558270990848541260e-01
1.958506554365158081e-01 1.696695238351821899e-01 -1.791637986898422241e-01
2.599129676818847656e-01 1.028566733002662659e-01 -3.641648218035697937e-02
-9.133122116327285767e-02 4.336343109607696533e-01 -2.391837686300277710e-01
1.216825172305107117e-01 6.231849193572998047e-01 -8.313187211751937866e-02
-4.900089278817176819e-02 3.620145916938781738e-01 -2.605378329753875732e-01
2.097352147102355957e-01 -2.853749096393585205e-01 -9.691097587347030640e-02
1.696833409368991852e-02 1.697310209274291992e-01 -2.659862339496612549e-01
-2.410735338926315308e-01 3.676387071609497070e-01 -1.161560192704200745e-01
2.136896848678588867e-01 -1.837891489267349243e-01 -1.392676681280136108e-01
1.554272770881652832e-01 -1.594418101012706757e-02 2.152279466390609741e-01
7.257932797074317932e-03 2.464563995599746704e-01 2.666359543800354004e-01
5.003643035888671875e-02 1.120979804545640945e-02 -2.590439617633819580e-01
2.584190368652343750e-01 3.425937891006469727e-01 -4.579295217990875244e-02
-2.640094161033630371e-01 1.791602224111557007e-01 -5.561759695410728455e-02
-7.117224484682083130e-02 7.884814143180847168e-01 7.635600864887237549e-02
6.454491615295410156e-02 8.344465494155883789e-02 -2.561439871788024902e-01
2.637116797268390656e-02 -3.193778172135353088e-02 -2.644923031330108643e-01
2.358346730470657349e-01 5.476161837577819824e-02 -1.117621734738349915e-01
7.380960509181022644e-03 2.177206277847290039e-01 -2.661619782447814941e-01
5.278697982430458069e-02 6.184395551681518555e-01 -1.394434124231338501e-01
-8.209535479545593262e-02 -1.136633381247520447e-01 -2.579894363880157471e-01
-4.970390722155570984e-02 9.969254732131958008e-01 -5.617121979594230652e-02
1.875023543834686279e-01 5.050782561302185059e-01 -7.086424529552459717e-02
-1.908957958221435547e-01 3.588510155677795410e-01 -1.878636181354522705e-01
-7.677000761032104492e-02 6.441929191350936890e-02 -2.529804408550262451e-01
-3.016007319092750549e-02 -3.202017396688461304e-03 2.651420533657073975e-01
-2.167316079139709473e-01 1.442994475364685059e-01 -1.568430513143539429e-01
2.147442102432250977e-01 4.848665893077850342e-01 3.775799181312322617e-03
2.097352147102355957e-01 -1.815922409296035767e-01 1.468596905469894409e-01
2.410193979740142822e-01 3.138580024242401123e-01 1.037999764084815979e-01
1.093797385692596436e-01 5.599134564399719238e-01 -1.343465596437454224e-01
4.367414116859436035e-02 6.855775117874145508e-01 1.201450899243354797e-01
-8.578617870807647705e-02 3.716810643672943115e-01 2.541574239730834961e-01
-6.697173416614532471e-02 -3.220141679048538208e-02 2.610118389129638672e-01
2.231803834438323975e-01 2.944371998310089111e-01 1.409719288349151611e-01
1.468153297901153564e-01 -7.025214284658432007e-02 -2.238931804895401001e-01
7.328234612941741943e-03 7.934904098510742188e-01 1.029212102293968201e-01
2.230046540498733521e-01 -3.477675318717956543e-01 -2.699607051908969879e-02
-2.339555025100708008e-01 7.400666922330856323e-02 1.302509456872940063e-01
1.437396407127380371e-01 4.880301356315612793e-01 -1.559642851352691650e-01
2.340771257877349854e-01 -4.267688989639282227e-01 -8.295857347548007965e-03
-1.065339297056198120e-01 -5.100707709789276123e-02 2.478303164243698120e-01
-3.943987935781478882e-02 2.846828699111938477e-01 -2.607136070728302002e-01
-1.114550381898880005e-01 9.463084340095520020e-01 5.562583357095718384e-02
6.810393184423446655e-02 1.438600569963455200e-01 2.592543065547943115e-01
-1.053915321826934814e-01 8.331229090690612793e-01 4.609118774533271790e-02
1.838994026184082031e-01 5.409320592880249023e-01 8.248913218267261982e-04
2.687006592750549316e-01 -7.051575928926467896e-02 9.997664019465446472e-04
-2.200709432363510132e-01 3.686053454875946045e-01 -1.513068079948425293e-01
1.706299781799316406e-01 -3.067290186882019043e-01 1.553837507963180542e-01
2.357468008995056152e-01 2.846828699111938477e-01 -1.151015013456344604e-01
1.348640620708465576e-01 1.983525604009628296e-01 -2.297809123992919922e-01
3.913090378046035767e-02 9.416510462760925293e-01 1.158391311764717102e-01
1.383791416883468628e-01 5.616710186004638672e-01 1.044151186943054199e-01
9.479216486215591431e-02 8.141415119171142578e-01 -4.461539909243583679e-02
-1.542510986328125000e-01 2.335384935140609741e-01 -2.170387655496597290e-01
-1.350060552358627319e-01 6.624658703804016113e-01 3.379720076918601990e-02
-1.747264415025711060e-01 3.106065690517425537e-01 -1.994633823633193970e-01
-2.134801745414733887e-01 4.605246484279632568e-01 -1.074562072753906250e-01
1.896992772817611694e-01 3.836377710103988647e-02 1.836801320314407349e-01
1.910174340009689331e-01 1.284174323081970215e-01 1.854376792907714844e-01
-2.656790912151336670e-01 2.559471130371093750e-01 -2.708394825458526611e-02
9.839512407779693604e-02 9.149364233016967773e-01 7.321880012750625610e-02
-1.676084101200103760e-01 5.232687592506408691e-01 -1.012169495224952698e-01
-1.989358570426702499e-03 7.836481928825378418e-01 -1.010411903262138367e-01
-3.080157563090324402e-02 -1.277236491441726685e-01 -2.663377523422241211e-01
2.433042228221893311e-01 3.811717629432678223e-01 -1.027987226843833923e-01
1.613150238990783691e-01 -1.474959701299667358e-01 2.109219878911972046e-01
-2.021440416574478149e-01 7.084309309720993042e-02 -1.714306324720382690e-01
-1.870292127132415771e-01 1.791865825653076172e-01 1.947526335716247559e-01
1.287126690149307251e-01 1.412501186132431030e-01 -2.328566163778305054e-01
1.307338327169418335e-01 6.604446768760681152e-01 -3.301564231514930725e-02
5.775203183293342590e-02 4.382039010524749756e-01 2.484454512596130371e-01
1.636877059936523438e-01 -1.644562184810638428e-01 -2.017481774091720581e-01
1.341610401868820190e-01 2.238720208406448364e-01 2.307821810245513916e-01
-5.644406750798225403e-02 9.795258641242980957e-01 -1.010411903262138367e-01
-1.215608790516853333e-01 8.891884684562683105e-01 -3.537953272461891174e-02
1.594696044921875000e-01 7.731084525585174561e-02 2.089008092880249023e-01
1.588544696569442749e-01 -2.899444997310638428e-01 -1.683549284934997559e-01
-2.503006160259246826e-01 5.136956274509429932e-02 -8.677875995635986328e-02
1.677500642836093903e-02 3.715052902698516846e-01 2.665480971336364746e-01
-1.101368740200996399e-01 8.351441025733947754e-01 -3.385926038026809692e-02
-1.888746172189712524e-01 5.222142934799194336e-01 -5.493215471506118774e-02
-2.655033171176910400e-01 1.027863696217536926e-01 -2.704000845551490784e-02
2.097352147102355957e-01 4.397856593132019043e-01 -1.373343765735626221e-01
2.267833501100540161e-01 1.170444041490554810e-01 -1.355768293142318726e-01
-2.391402423381805420e-01 1.610224246978759766e-01 1.264722347259521484e-01
-4.019562155008316040e-02 -8.932143449783325195e-02 2.684814035892486572e-01
-1.167276576161384583e-01 6.403208971023559570e-01 -8.617240935564041138e-02
-1.543389856815338135e-01 6.130790710449218750e-01 1.016709022223949432e-02
-6.079397723078727722e-02 5.088570117950439453e-01 1.938738524913787842e-01
1.067434251308441162e-01 7.434884309768676758e-01 -8.014651015400886536e-03
-1.141591928899288177e-02 1.410304158926010132e-01 -2.664256095886230469e-01
1.768013834953308105e-02 9.962225556373596191e-01 -8.144462853670120239e-02
5.184669792652130127e-02 2.655256986618041992e-01 -2.589560449123382568e-01
2.114927619695663452e-01 -3.671004474163055420e-01 -7.087302953004837036e-02
-8.039931952953338623e-02 9.065001606941223145e-01 -9.532918781042098999e-02
-2.656790912151336670e-01 3.522602617740631104e-01 2.916608937084674835e-02
-2.016600454226136208e-03 9.559749364852905273e-01 1.221662610769271851e-01
2.592099308967590332e-01 2.271234542131423950e-01 -4.593355581164360046e-02
1.177280470728874207e-01 -1.272842735052108765e-01 -2.405018955469131470e-01
-1.689265519380569458e-01 2.944371998310089111e-01 2.054736167192459106e-01
-4.055591672658920288e-02 4.872392416000366211e-01 -2.097449749708175659e-01
-1.422998458147048950e-01 1.595515385270118713e-02 2.266519665718078613e-01
1.165856570005416870e-01 -4.239514470100402832e-02 -2.394473850727081299e-01
1.676621846854686737e-02 5.581559538841247559e-01 -1.743305623531341553e-01
-2.281556278467178345e-01 2.470715343952178955e-01 1.422900855541229248e-01
1.144765987992286682e-01 2.655256986618041992e-01 -2.374262213706970215e-01
-1.321939975023269653e-01 2.079311460256576538e-01 2.342972457408905029e-01
9.189222007989883423e-02 -1.379173994064331055e-01 2.519605159759521484e-01
2.600008249282836914e-01 8.365555852651596069e-02 2.896396815776824951e-02
2.588584125041961670e-01 -7.034000754356384277e-02 -7.129484415054321289e-02
-1.210336163640022278e-01 4.656214714050292969e-01 2.016949057579040527e-01
2.118442654609680176e-01 3.619267046451568604e-01 -1.561400443315505981e-01
-2.002986371517181396e-01 1.759263426065444946e-01 -1.796031743288040161e-01
-1.156731247901916504e-01 9.620383977890014648e-01 -3.863098099827766418e-02
-9.387964755296707153e-02 5.371533632278442383e-01 1.653138548135757446e-01
-5.612771213054656982e-02 9.463963508605957031e-01 1.103028804063796997e-01
2.110533863306045532e-01 2.655256986618041992e-01 -1.555249094963073730e-01
-1.085551008582115173e-01 7.504307031631469727e-01 -8.120102807879447937e-03
8.147001266479492188e-02 2.271234542131423950e-01 2.533665299415588379e-01
-4.156650230288505554e-02 7.898874282836914062e-01 -9.313226491212844849e-02
2.558706104755401611e-01 6.430505216121673584e-02 -5.656666681170463562e-02
-3.017764724791049957e-02 2.367899566888809204e-01 -2.631741762161254883e-01
-2.557489871978759766e-01 1.507584005594253540e-01 -8.317580819129943848e-02
-1.252517253160476685e-01 -3.114138962700963020e-03 -2.351414114236831665e-01
2.683691680431365967e-02 -7.016426324844360352e-02 -2.665134966373443604e-01
1.877659857273101807e-01 3.931230306625366211e-01 1.908860504627227783e-01
-6.841291487216949463e-02 4.077105820178985596e-01 -2.564076483249664307e-01
8.943167328834533691e-02 3.472512364387512207e-01 -2.478835880756378174e-01
-2.690184116363525391e-01 1.314518302679061890e-01 1.038678176701068878e-02
-1.080956868827342987e-02 -1.358962059020996094e-01 2.701510488986968994e-01
-2.138116583228111267e-02 7.190586328506469727e-01 -1.132560819387435913e-01
2.128987908363342285e-01 -2.709631025791168213e-01 9.457290172576904297e-02
-1.075884550809860229e-01 8.090446591377258301e-01 8.143283426761627197e-03
2.571887671947479248e-01 1.323218196630477905e-01 -6.149655953049659729e-02
1.860963255167007446e-01 5.043752193450927734e-01 7.819263637065887451e-02
-8.983731269836425781e-02 6.593902111053466797e-01 -1.049077734351158142e-01
1.175523027777671814e-01 8.800492286682128906e-01 3.742652013897895813e-02
2.593857049942016602e-01 -1.081270948052406311e-01 -7.300844043493270874e-02
-2.691941559314727783e-01 2.177206277847290039e-01 -8.445248007774353027e-03
-1.074126958847045898e-01 5.861886739730834961e-01 -1.225710436701774597e-01
-1.065339297056198120e-01 6.092124581336975098e-01 1.144330874085426331e-01
-2.496854662895202637e-01 3.716810643672943115e-01 9.826373308897018433e-02
1.314368695020675659e-01 -1.596229970455169678e-01 -2.276718914508819580e-01
1.262521147727966309e-01 -2.464454174041748047e-01 -2.004300206899642944e-01
-1.330527290701866150e-02 5.655375719070434570e-01 1.736621558666229248e-01
8.872865885496139526e-02 3.962866067886352539e-01 2.518726587295532227e-01
2.133381813764572144e-01 -4.388905316591262817e-02 1.595139652490615845e-01
1.684530824422836304e-02 3.715052902698516846e-01 -2.648438215255737305e-01
2.356589138507843018e-01 -2.315063476562500000e-01 -4.617960751056671143e-02
-1.542510986328125000e-01 5.911098122596740723e-01 -4.921136423945426941e-02
-7.692818343639373779e-02 2.553374134004116058e-02 2.554755806922912598e-01
1.921598315238952637e-01 -3.286982476711273193e-01 -1.209013760089874268e-01
-3.690023720264434814e-02 8.351441025733947754e-01 -1.071046963334083557e-01
-5.724374577403068542e-02 6.462965011596679688e-01 -1.299527138471603394e-01
-4.915028065443038940e-02 5.884734392166137695e-01 1.554716229438781738e-01
7.300746440887451172e-02 1.887212395668029785e-01 -2.566712796688079834e-01
-1.017885729670524597e-01 -6.726431101560592651e-02 -2.485865801572799683e-01
8.855289965867996216e-02 6.848744750022888184e-01 -8.944143354892730713e-02
1.049858853220939636e-01 9.855015873908996582e-01 3.374447673559188843e-02
1.060404106974601746e-01 4.774848818778991699e-01 -1.932241171598434448e-01
2.569251656532287598e-01 3.039279282093048096e-01 -5.863177031278610229e-02
-1.329848915338516235e-01 3.904867172241210938e-01 -2.332081347703933716e-01
8.286725729703903198e-02 5.228294134140014648e-01 -1.738911867141723633e-01
1.631604433059692383e-01 5.280141234397888184e-01 1.001091524958610535e-01
3.228774759918451309e-03 4.783636629581451416e-01 2.219944745302200317e-01
-1.859300769865512848e-03 -1.936313807964324951e-01 -2.538592219352722168e-01
-1.148622017353773117e-02 5.806524157524108887e-01 -1.639610975980758667e-01
1.251097172498703003e-01 4.587670862674713135e-01 2.043312042951583862e-01
-2.913191169500350952e-02 7.045589685440063477e-01 1.188269406557083130e-01
-6.176062300801277161e-02 8.283775448799133301e-01 9.536379575729370117e-02
1.312611103057861328e-01 6.612356305122375488e-01 3.294479474425315857e-02
2.620219886302947998e-01 -7.991860061883926392e-02 5.795457959175109863e-02
2.271348387002944946e-01 -2.811568081378936768e-01 4.912294447422027588e-02
-2.424795627593994141e-01 2.976886630058288574e-01 -1.085986047983169556e-01
2.463798969984054565e-01 -1.717500090599060059e-01 8.024895936250686646e-02
-5.863220244646072388e-02 -3.211353719234466553e-02 -2.608014941215515137e-01
-2.624276280403137207e-01 2.467200160026550293e-01 5.546765774488449097e-02
1.563060283660888672e-01 4.521763622760772705e-01 1.871951967477798462e-01
-1.436180025339126587e-01 5.504227876663208008e-01 1.124119237065315247e-01
-1.283952593803405762e-02 8.695039749145507812e-01 -1.222195401787757874e-01
1.186947003006935120e-01 8.712615370750427246e-01 -2.656547352671623230e-02
-1.862383186817169189e-01 4.992783665657043457e-01 9.510016441345214844e-02
-1.310515850782394409e-01 3.041036427021026611e-01 2.329791039228439331e-01
-1.412453204393386841e-01 6.427869200706481934e-02 2.261246889829635620e-01
2.477859556674957275e-01 4.399614334106445312e-01 3.367417305707931519e-02
9.716483950614929199e-02 6.839957237243652344e-01 8.219103515148162842e-02
1.271308809518814087e-01 2.815192937850952148e-01 2.329791039228439331e-01
6.105620041489601135e-02 7.044710516929626465e-01 -1.020078361034393311e-01
2.167653739452362061e-01 1.602579057216644287e-01 -1.517461836338043213e-01
2.456768900156021118e-01 -1.928349584341049194e-02 9.826373308897018433e-02
6.646941602230072021e-02 8.503468036651611328e-01 9.720920771360397339e-02
1.200128495693206787e-01 9.465721249580383301e-01 9.804335422813892365e-04
-1.212093755602836609e-01 6.854896545410156250e-01 -4.459782689809799194e-02
2.561342716217041016e-01 -1.795710623264312744e-01 -1.297969929873943329e-02
-2.606700956821441650e-01 3.577964901924133301e-01 -6.921216100454330444e-02
-9.282512217760086060e-02 1.539659053087234497e-01 -2.500804960727691650e-01
-5.860584229230880737e-02 1.887915283441543579e-01 2.619785070419311523e-01
7.941369712352752686e-02 3.194876015186309814e-02 2.524877786636352539e-01
-2.513551414012908936e-01 3.137701451778411865e-01 8.965179324150085449e-02
-1.829868704080581665e-01 5.447986721992492676e-01 2.929790318012237549e-02
2.478738129138946533e-01 3.686053454875946045e-01 9.140932559967041016e-02
2.395455352962017059e-02 8.476225733757019043e-01 -1.136954724788665771e-01
-1.483633518218994141e-01 3.619267046451568604e-01 2.229611277580261230e-01
2.442708611488342285e-01 -1.736833006143569946e-01 -8.248157799243927002e-02
8.517842739820480347e-02 -1.082149818539619446e-01 -2.553530931472778320e-01
1.982233375310897827e-01 3.329273164272308350e-01 -1.713427454233169556e-01
-2.511793971061706543e-01 4.250223636627197266e-01 -7.848317921161651611e-02
-1.694538146257400513e-01 2.560350000858306885e-01 2.061766237020492554e-01
1.325792521238327026e-01 -2.808052897453308105e-01 -1.900605410337448120e-01
1.911931782960891724e-01 2.052684724330902100e-01 1.857012957334518433e-01
-1.314909905195236206e-01 9.636256098747253418e-02 -2.317142188549041748e-01
-2.029781928285956383e-03 9.650261998176574707e-01 -1.190559715032577515e-01
-3.308637440204620361e-02 4.240557253360748291e-01 2.600452005863189697e-01
-1.384332627058029175e-01 4.522642195224761963e-01 -2.017481774091720581e-01
2.409315407276153564e-01 8.369070291519165039e-02 1.037999764084815979e-01
-6.763958930969238281e-02 5.989308357238769531e-01 -1.414645910263061523e-01
1.591181010007858276e-01 -2.070765346288681030e-01 -1.898847818374633789e-01
2.120200097560882568e-01 3.684296011924743652e-01 1.583715677261352539e-01
-2.413371652364730835e-01 1.283409893512725830e-01 -1.158045157790184021e-01
1.330186426639556885e-01 4.031409919261932373e-01 -2.294294238090515137e-01
1.254612207412719727e-01 5.085054636001586914e-01 1.566140353679656982e-01
-2.573307752609252930e-01 4.370614886283874512e-01 1.071825507096946239e-03
-8.811492472887039185e-02 9.529870152473449707e-01 -8.510909974575042725e-02
-5.754252895712852478e-02 8.891884684562683105e-01 1.124998033046722412e-01
-1.238456740975379944e-01 8.799613118171691895e-01 2.892882004380226135e-02
-1.711234748363494873e-01 3.905746042728424072e-01 -2.054390013217926025e-01
1.482213586568832397e-01 5.473525077104568481e-02 -2.153691053390502930e-01
2.105261087417602539e-01 4.794181883335113525e-01 -5.806057527661323547e-02
1.553393900394439697e-01 3.618388175964355469e-01 -2.128206640481948853e-01
4.528228938579559326e-02 4.649184942245483398e-01 -2.269688546657562256e-01
-1.114550381898880005e-01 2.869731187820434570e-02 -2.390080094337463379e-01
2.370649576187133789e-01 -1.184965893626213074e-01 -1.258224844932556152e-01
1.421578526496887207e-01 -2.967110276222229004e-01 1.828013509511947632e-01
1.825812309980392456e-01 4.923360943794250488e-01 -1.028866022825241089e-01
5.457087978720664978e-02 3.990107774734497070e-01 -2.599227130413055420e-01
-1.329848915338516235e-01 6.462965011596679688e-01 -5.420277640223503113e-02
1.817903369665145874e-01 2.536622881889343262e-01 1.934344619512557983e-01
1.520000696182250977e-01 5.847826600074768066e-01 -5.242766067385673523e-02
-4.887786507606506348e-02 3.234365880489349365e-01 -2.595712244510650635e-01
1.423335969448089600e-01 -9.591219574213027954e-02 2.309579104185104370e-01
6.563459336757659912e-02 7.835602760314941406e-01 -7.562717050313949585e-02
2.231803834438323975e-01 -3.190317451953887939e-01 -4.618839919567108154e-02
2.617783844470977783e-02 -1.278060954064130783e-02 2.652299404144287109e-01
1.012950539588928223e-01 5.614952445030212402e-01 1.415870636701583862e-01
1.965536773204803467e-01 -4.177999496459960938e-02 -1.796910613775253296e-01
2.123915590345859528e-02 6.331149935722351074e-01 -1.434857547283172607e-01
8.697111159563064575e-02 8.615071177482604980e-01 -8.238491415977478027e-02
5.649538710713386536e-02 5.342534184455871582e-01 1.804286837577819824e-01
-2.037258297204971313e-01 2.336263805627822876e-01 -1.725730299949645996e-01
-2.073087729513645172e-02 3.715052902698516846e-01 2.666359543800354004e-01
2.635159194469451904e-01 2.847707271575927734e-01 1.022860407829284668e-02
5.557268112897872925e-02 4.504242539405822754e-02 -2.567591369152069092e-01
-2.041451819241046906e-02 6.867198944091796875e-01 -1.247679591178894043e-01
1.707178503274917603e-01 3.265123069286346436e-01 2.016949057579040527e-01
-1.209457442164421082e-01 1.824028939008712769e-01 -2.387443631887435913e-01
2.601765990257263184e-01 -1.286848820745944977e-02 4.813871905207633972e-02
2.314408272504806519e-01 -8.308216929435729980e-02 1.395658999681472778e-01
7.192658632993698120e-02 -1.837891489267349243e-01 -2.459502816200256348e-01
5.345484614372253418e-02 5.016510486602783203e-01 -1.972664594650268555e-01
-1.718264967203140259e-01 -1.128670293837785721e-02 -2.036814689636230469e-01
2.069231569766998291e-01 1.060378178954124451e-01 1.632926762104034424e-01
-2.117904834449291229e-02 9.965741038322448730e-01 -3.740070015192031860e-02
5.467633903026580811e-02 1.602490991353988647e-01 -2.608893513679504395e-01
-1.207699850201606750e-01 6.950682401657104492e-01 3.720682859420776367e-02
-7.756090164184570312e-02 -1.182329431176185608e-01 2.612754702568054199e-01
2.414588034152984619e-01 1.586727611720561981e-02 1.040636152029037476e-01
2.338134944438934326e-01 6.464440375566482544e-03 -1.220437809824943542e-01
-2.649760544300079346e-01 3.902230858802795410e-01 4.826174676418304443e-02
1.041071191430091858e-01 8.257412910461425781e-01 3.355114534497261047e-02
-1.543389856815338135e-01 3.990107774734497070e-01 2.192702889442443848e-01
2.006406197324395180e-03 6.427814364433288574e-01 1.448385119438171387e-01
2.186986654996871948e-01 4.490182176232337952e-02 -1.435736268758773804e-01
1.339852809906005859e-01 -2.644602060317993164e-01 1.932587176561355591e-01
-1.234941780567169189e-01 9.369934797286987305e-01 1.978082954883575439e-02
6.367493420839309692e-02 -8.000647276639938354e-02 -2.619438767433166504e-01
-2.081875316798686981e-02 9.180120825767517090e-01 1.231329068541526794e-01
1.648501120507717133e-02 8.362040668725967407e-02 2.642632722854614258e-01
1.501546502113342285e-01 6.039398312568664551e-01 3.315569832921028137e-02
1.560424119234085083e-01 5.121963024139404297e-01 -1.197589859366416931e-01
-1.758688390254974365e-01 4.418947398662567139e-01 -1.816243529319763184e-01
-2.704244256019592285e-01 3.809081315994262695e-01 9.804335422813892365e-04
1.075343191623687744e-01 6.271393299102783203e-01 1.015151813626289368e-01
-5.787646397948265076e-02 5.411956906318664551e-01 -1.760002225637435913e-01
1.938294917345046997e-01 -3.668368458747863770e-01 -1.107076629996299744e-01
-2.345706373453140259e-01 3.265123069286346436e-01 -1.283709257841110229e-01
-1.234941780567169189e-01 9.370812773704528809e-01 -1.768111437559127808e-02
2.193138152360916138e-01 -3.585763871669769287e-01 4.822659865021705627e-02
4.396413639187812805e-02 9.841833710670471191e-01 -1.027987226843833923e-01
1.954312995076179504e-02 4.470795094966888428e-01 2.473030388355255127e-01
1.930385977029800415e-01 1.595515385270118713e-02 -1.791637986898422241e-01
2.621299214661121368e-02 9.961346387863159180e-01 7.644388824701309204e-02
1.093797385692596436e-01 -3.351956605911254883e-02 2.437000870704650879e-01
3.441191092133522034e-02 8.139657378196716309e-01 -9.981091320514678955e-02
1.015586853027343750e-01 8.509619235992431641e-01 5.958909168839454651e-02
7.269111275672912598e-02 6.444565206766128540e-02 2.547726035118103027e-01
6.955390423536300659e-02 4.990147650241851807e-01 1.944889873266220093e-01
-2.032864540815353394e-01 5.101751685142517090e-01 -3.617288777604699135e-03
-1.230547875165939331e-01 5.121084451675415039e-01 1.592503488063812256e-01
2.381194829940795898e-01 2.815192937850952148e-01 1.105664968490600586e-01
1.841630190610885620e-01 4.335464239120483398e-01 1.784953922033309937e-01
2.658007144927978516e-01 -1.358083337545394897e-01 1.995658315718173981e-02
2.201925665140151978e-01 2.143813073635101318e-01 1.477384567260742188e-01
-1.114350091665983200e-02 5.463858693838119507e-02 2.652299404144287109e-01
-8.393198251724243164e-02 8.630011081695556641e-01 -8.979293704032897949e-02
1.547242403030395508e-01 3.233487308025360107e-01 -2.121176421642303467e-01
-1.749900579452514648e-01 9.957885742187500000e-02 -1.999906301498413086e-01
2.104382365942001343e-01 3.201851546764373779e-01 1.572291702032089233e-01
8.049458265304565430e-02 6.378603577613830566e-01 -1.183529570698738098e-01
-2.188406735658645630e-01 2.910978794097900391e-01 -1.503401547670364380e-01
-1.031067296862602234e-01 4.975208640098571777e-01 1.835922449827194214e-01
1.605241298675537109e-01 5.839917659759521484e-01 -1.482511404901742935e-02
-1.983653306961059570e-01 3.062127232551574707e-01 -1.769668757915496826e-01
2.534979283809661865e-01 3.618388175964355469e-01 -7.433538138866424561e-02
-3.958048298954963684e-02 5.188749432563781738e-01 -1.915544420480728149e-01
1.948840171098709106e-01 2.071665972471237183e-01 -1.786365360021591187e-01
1.794176846742630005e-01 5.360988378524780273e-01 5.225136131048202515e-02
-1.896655112504959106e-01 3.136822581291198730e-01 1.889527440071105957e-01
-2.355372905731201172e-01 4.609640538692474365e-01 -3.692616522312164307e-02
1.968173086643218994e-01 -2.116461396217346191e-01 -1.476159691810607910e-01
3.870909288525581360e-02 8.601890206336975098e-01 1.148724779486656189e-01
-7.020559906959533691e-02 1.108974143862724304e-01 -2.569348812103271484e-01
-1.596115976572036743e-01 1.888354867696762085e-01 2.154037058353424072e-01
-8.278957754373550415e-02 7.102709412574768066e-01 8.844787627458572388e-02
-1.459906697273254395e-01 5.292444229125976562e-01 -1.248558387160301208e-01
1.044586300849914551e-01 -6.726431101560592651e-02 2.480939328670501709e-01
1.019980683922767639e-01 1.696870923042297363e-01 2.466000169515609741e-01
-1.276243925094604492e-01 6.138699054718017578e-01 8.729668706655502319e-02
1.143008545041084290e-01 3.266001641750335693e-01 2.389547377824783325e-01
-2.076602727174758911e-02 6.482297778129577637e-01 -1.392676681280136108e-01
-1.869413405656814575e-01 4.256375133991241455e-01 1.857891678810119629e-01
2.619541436433792114e-02 5.194022059440612793e-01 -1.926089823246002197e-01
-2.538156807422637939e-01 4.360069632530212402e-01 3.903466835618019104e-02
-9.018881618976593018e-02 8.892762660980224609e-01 8.921241015195846558e-02
8.535417169332504272e-02 6.140456795692443848e-01 1.255934685468673706e-01
2.486647069454193115e-01 1.791953891515731812e-01 -8.961719274520874023e-02
-2.112832367420196533e-01 1.028390973806381226e-01 1.635563075542449951e-01
1.113130450248718262e-01 9.179241657257080078e-01 -4.809532687067985535e-02
-2.162043601274490356e-01 3.995380401611328125e-01 1.585473120212554932e-01
2.078898102045059204e-01 3.990986645221710205e-01 -1.618520319461822510e-01
2.448859959840774536e-01 1.316187977790832520e-01 -9.576857835054397583e-02
1.325792521238327026e-01 3.826711326837539673e-02 2.292004078626632690e-01
-8.585648238658905029e-02 8.241595029830932617e-01 7.256851345300674438e-02
-9.924013912677764893e-02 7.646667361259460449e-01 -3.500166162848472595e-02
-1.127731874585151672e-01 5.796857476234436035e-01 1.242753118276596069e-01
-2.153255790472030640e-01 9.639771282672882080e-02 -1.557885259389877319e-01
-2.609337270259857178e-01 9.384927898645401001e-02 6.125874817371368408e-02
2.379437237977981567e-01 -2.102401107549667358e-01 7.133823633193969727e-02
-2.031106948852539062e-01 6.376562174409627914e-03 1.741894185543060303e-01
-2.983492985367774963e-02 8.988548517227172852e-01 -1.205498725175857544e-01
-8.394076675176620483e-02 3.233487308025360107e-01 2.531029284000396729e-01
-1.807020753622055054e-01 3.618388175964355469e-01 1.980040669441223145e-01
2.464677840471267700e-01 1.728330999612808228e-01 9.852736443281173706e-02
-1.486269831657409668e-01 1.411973834037780762e-01 2.232247442007064819e-01
-7.439732551574707031e-02 7.434884309768676758e-01 8.237557858228683472e-02
-1.250759661197662354e-01 6.568417549133300781e-01 6.545048207044601440e-02
-1.050400212407112122e-01 9.895438551902770996e-01 1.044829562306404114e-02
7.470349222421646118e-02 7.777604460716247559e-01 6.878980249166488647e-02
-5.081748589873313904e-03 9.869955182075500488e-01 1.106543764472007751e-01
-2.653275728225708008e-01 1.697046756744384766e-01 4.830568656325340271e-02
1.011193022131919861e-01 1.028303056955337524e-01 2.444909811019897461e-01
1.077979505062103271e-01 3.233487308025360107e-01 -2.397989034652709961e-01
-8.118142932653427124e-02 4.846907854080200195e-01 -1.995512545108795166e-01
-1.532844603061676025e-01 5.734465122222900391e-01 7.619783282279968262e-02
3.512371331453323364e-02 7.155435681343078613e-01 1.121482849121093750e-01
8.153153210878372192e-02 7.528913021087646484e-01 -6.470406800508499146e-02
3.550158441066741943e-02 9.326051175594329834e-02 -2.608893513679504395e-01
2.422496974468231201e-01 -1.272842735052108765e-01 1.140815839171409607e-01
8.216424286365509033e-02 4.530550837516784668e-01 -2.274082303047180176e-01
1.635998189449310303e-01 -4.626173153519630432e-02 -2.093934714794158936e-01
2.045504748821258545e-01 4.441795051097869873e-01 1.413234472274780273e-01
1.985748559236526489e-01 -8.958506584167480469e-02 -1.812728345394134521e-01
2.594735920429229736e-01 -1.083028465509414673e-01 7.522239536046981812e-02
-4.022198542952537537e-02 -8.932143449783325195e-02 -2.663377523422241211e-01
-9.906438738107681274e-02 3.990986645221710205e-01 2.487090677022933960e-01
9.206797927618026733e-02 -2.615602612495422363e-01 2.169854938983917236e-01
2.488404661417007446e-01 -1.372143626213073730e-01 -9.339589625597000122e-02
-1.851837933063507080e-01 4.694001674652099609e-01 -1.350495666265487671e-01
-5.386927351355552673e-02 8.838333934545516968e-02 2.600452005863189697e-01
2.561342716217041016e-01 4.302949607372283936e-01 -1.451754476875066757e-02
-6.573020480573177338e-03 -4.301028326153755188e-02 -2.681831419467926025e-01
1.815267205238342285e-01 2.744012773036956787e-01 -1.916423290967941284e-01
2.016505450010299683e-01 -1.412567049264907837e-01 -1.726609021425247192e-01
1.001726929098367691e-02 5.337261557579040527e-01 1.893921345472335815e-01
2.027050554752349854e-01 -2.616481482982635498e-01 -1.182650774717330933e-01
-8.951216191053390503e-02 8.090446591377258301e-01 -5.844723433256149292e-02
-3.950139507651329041e-02 3.233487308025360107e-01 2.625057697296142578e-01
-1.422998458147048950e-01 3.233487308025360107e-01 -2.246840745210647583e-01
-3.419362753629684448e-02 8.287290334701538086e-01 1.081938296556472778e-01
2.289802730083465576e-01 4.147407710552215576e-01 1.296358108520507812e-01
-4.893937706947326660e-02 6.200818344950675964e-03 -2.600106000900268555e-01
2.609875053167343140e-02 3.425937891006469727e-01 -2.623832821846008301e-01
1.054252684116363525e-01 6.472631692886352539e-01 -9.190198779106140137e-02
7.679741829633712769e-03 9.965741038322448730e-01 2.996576763689517975e-02
1.669591665267944336e-02 1.219206899404525757e-01 2.660208344459533691e-01
6.836123764514923096e-03 -1.271085143089294434e-01 -2.691498100757598877e-01
-2.095689764246344566e-03 7.436642050743103027e-01 -1.080713495612144470e-01
-2.144468128681182861e-01 6.446323543787002563e-02 1.570534110069274902e-01
1.158826425671577454e-01 -2.100643515586853027e-01 2.213793396949768066e-01
2.096473425626754761e-01 -3.509310781955718994e-01 8.184832334518432617e-02
1.766934841871261597e-01 6.288683507591485977e-03 1.979161947965621948e-01
2.627250254154205322e-01 1.123298034071922302e-01 1.971931569278240204e-02
3.014987893402576447e-02 6.807442903518676758e-01 -1.249437183141708374e-01
2.619341313838958740e-01 2.176327705383300781e-01 2.920123748481273651e-02
-2.400190234184265137e-01 4.039318859577178955e-01 1.193542033433914185e-01
-2.567156255245208740e-01 8.359403908252716064e-02 -7.396630197763442993e-02
8.837714046239852905e-02 9.942892789840698242e-01 -2.167318714782595634e-03
-7.762241363525390625e-02 2.272992283105850220e-01 -2.551773488521575928e-01
2.650977075099945068e-01 -4.134061932563781738e-02 -1.786565594375133514e-02
-2.023630775511264801e-03 1.604303345084190369e-02 -2.648438215255737305e-01
2.163259983062744141e-01 -1.551412492990493774e-01 -1.482311189174652100e-01
1.715087443590164185e-01 3.647387921810150146e-01 2.023979276418685913e-01
3.962301462888717651e-02 5.740616321563720703e-01 -1.629065573215484619e-01
1.495395004749298096e-01 2.590228021144866943e-01 2.182157635688781738e-01
-1.041612550616264343e-01 7.738938331604003906e-01 1.017587725073099136e-02
-2.647124230861663818e-01 3.331030607223510742e-01 -3.653072193264961243e-02
2.629007697105407715e-01 1.792568862438201904e-01 2.932426519691944122e-02
2.631644010543823242e-01 1.602227389812469482e-01 -2.724212594330310822e-02
2.568372488021850586e-01 -1.577775776386260986e-01 5.324437096714973450e-02
-1.123137772083282471e-02 8.353252708911895752e-02 -2.642286717891693115e-01
2.312650680541992188e-01 -2.805416882038116455e-01 1.937659457325935364e-02
2.580675184726715088e-01 -2.762638265267014503e-03 -5.718180164694786072e-02
1.988384723663330078e-01 -1.052271649241447449e-01 1.835922449827194214e-01
2.631644010543823242e-01 9.314626455307006836e-02 -8.199192583560943604e-03
2.636037766933441162e-01 3.996259272098541260e-01 -1.769869029521942139e-02
-4.911513254046440125e-02 1.507847607135772705e-01 2.636481523513793945e-01
2.316165864467620850e-01 3.724719583988189697e-01 -1.291618198156356812e-01
-2.016600454226136208e-03 1.984931528568267822e-01 2.686571478843688965e-01
2.625492513179779053e-01 1.984140574932098389e-01 -2.718940004706382751e-02
-5.883431807160377502e-02 -6.076142564415931702e-02 2.644390463829040527e-01
-2.548702359199523926e-01 2.367020547389984131e-01 -8.263976126909255981e-02
1.171129122376441956e-01 6.855775117874145508e-01 4.672390222549438477e-02
-2.040327293798327446e-03 2.464563995599746704e-01 -2.658104598522186279e-01
9.540729969739913940e-02 7.402369976043701172e-01 5.277862399816513062e-02
2.023535519838333130e-01 -1.286848820745944977e-02 -1.695852130651473999e-01
-6.869411468505859375e-02 2.656135559082031250e-01 2.581997811794281006e-01
-1.249880865216255188e-01 2.367899566888809204e-01 2.366699278354644775e-01
5.443028360605239868e-02 2.175448685884475708e-01 2.615391016006469727e-01
6.478217989206314087e-02 3.329273164272308350e-01 -2.564955055713653564e-01
-5.988884717226028442e-02 -3.289895830675959587e-03 2.604845762252807617e-01
2.634280323982238770e-01 1.315221339464187622e-01 -1.772505417466163635e-02
-2.320221960544586182e-01 2.303749173879623413e-01 -1.353131979703903198e-01
5.802444741129875183e-02 7.531548738479614258e-01 -8.658543229103088379e-02
2.476101964712142944e-01 4.311737418174743652e-01 7.163701951503753662e-02
-9.915226697921752930e-02 7.636122703552246094e-01 3.759348765015602112e-02
1.600847542285919189e-01 -3.349375128746032715e-01 1.631169319152832031e-01
2.186986654996871948e-01 -9.046382457017898560e-02 -1.541188657283782959e-01
-1.112792864441871643e-01 8.367313444614410400e-02 2.408001422882080078e-01
6.356069445610046387e-02 -1.271963864564895630e-01 2.633845210075378418e-01
-2.611973583698272705e-01 2.624499797821044922e-01 -5.947538837790489197e-02
-2.661184668540954590e-01 3.137701451778411865e-01 1.962264999747276306e-02
-2.411614060401916504e-01 2.367899566888809204e-01 1.178602948784828186e-01
1.501546502113342285e-01 5.836402773857116699e-01 6.083694100379943848e-02
2.190501838922500610e-01 -4.026027619838714600e-01 4.437758773565292358e-02
1.144765987992286682e-01 7.124679088592529297e-01 1.713573187589645386e-02
1.898750364780426025e-01 -3.264134526252746582e-01 1.269116103649139404e-01
-9.256149828433990479e-02 1.507671922445297241e-01 2.516090273857116699e-01
8.161940425634384155e-02 9.014033079147338867e-01 9.325475245714187622e-02
-1.721780002117156982e-01 5.633406639099121094e-01 -3.630224242806434631e-02
2.395255118608474731e-01 2.239598780870437622e-01 1.110937744379043579e-01
1.066555529832839966e-01 8.241595029830932617e-01 -1.725051924586296082e-02
-8.558406680822372437e-02 3.620145916938781738e-01 -2.516622841358184814e-01
1.875902265310287476e-01 -2.481150776147842407e-01 1.439597457647323608e-01
-1.050400212407112122e-01 7.038559317588806152e-01 -6.273562461137771606e-02
5.803323164582252502e-02 6.043792366981506348e-01 1.440476179122924805e-01
1.369730979204177856e-01 5.995459556579589844e-01 -7.278875261545181274e-02
2.022656798362731934e-01 7.398030161857604980e-02 -1.657186150550842285e-01
1.535818427801132202e-01 -9.890002757310867310e-02 -2.203780859708786011e-01
2.048141211271286011e-01 4.836362898349761963e-01 6.691802293062210083e-02
2.025293111801147461e-01 -3.994392156600952148e-01 9.343049675226211548e-02
-3.029188886284828186e-02 4.519127011299133301e-01 -2.414685487747192383e-01
2.290681451559066772e-01 -3.211353719234466553e-02 -1.360162198543548584e-01
1.333701461553573608e-01 6.354876756668090820e-01 5.371012166142463684e-02
2.523555457592010498e-01 3.137701451778411865e-01 7.589904963970184326e-02
2.466435432434082031e-01 3.518263250589370728e-02 -8.689300715923309326e-02
-5.849159881472587585e-02 3.814353942871093750e-01 2.621542513370513916e-01
1.295035630464553833e-01 4.447946250438690186e-01 -2.117661535739898682e-01
-2.083833068609237671e-01 1.983876973390579224e-01 1.701470762491226196e-01
6.388583779335021973e-02 9.934983253479003906e-01 -6.401862949132919312e-02
7.240357808768749237e-03 3.041036427021026611e-01 -2.640529274940490723e-01
4.790102317929267883e-02 5.736222863197326660e-01 1.620624065399169922e-01
9.074982255697250366e-02 5.505985617637634277e-01 -1.543824970722198486e-01
-2.234981358051300049e-01 4.066560864448547363e-01 -1.448917835950851440e-01
-8.401985466480255127e-02 6.863684058189392090e-01 -9.638371318578720093e-02
1.012950539588928223e-01 1.027863696217536926e-01 -2.429624646902084351e-01
2.508616447448730469e-01 2.271234542131423950e-01 -8.259581774473190308e-02
7.300746440887451172e-02 2.847707271575927734e-01 2.558270990848541260e-01
2.592978179454803467e-01 2.751042544841766357e-01 3.845468163490295410e-02
2.200168371200561523e-01 -2.902081608772277832e-01 -7.041607052087783813e-02
-3.080157563090324402e-02 9.970134496688842773e-01 5.871910601854324341e-02
1.161462664604187012e-01 9.556233882904052734e-01 2.806762419641017914e-02
-2.395796179771423340e-01 4.305640608072280884e-02 -1.126409471035003662e-01
2.382073402404785156e-01 8.365555852651596069e-02 -1.084228530526161194e-01
-1.106441020965576172e-02 6.130790710449218750e-01 -1.514825671911239624e-01
-2.473127841949462891e-01 2.080190181732177734e-01 1.049423813819885254e-01
2.634280323982238770e-01 1.604303345084190369e-02 -8.339796215295791626e-03
-3.961563110351562500e-02 1.220129728317260742e-01 -2.619438767433166504e-01
-5.636497586965560913e-02 7.534185051918029785e-01 -9.032020717859268188e-02
1.017344444990158081e-01 -1.278060954064130783e-02 -2.438412308692932129e-01
2.556069791316986084e-01 1.122243553400039673e-01 6.786710023880004883e-02
-1.130167953670024872e-02 1.122770830988883972e-01 -2.652831971645355225e-01
1.688924618065357208e-02 9.180998802185058594e-01 -1.214286461472511292e-01
-1.233184188604354858e-01 4.757273197174072266e-01 -1.863697171211242676e-01
-1.182215586304664612e-01 3.106065690517425537e-01 -2.368110865354537964e-01
8.837714046239852905e-02 2.463684976100921631e-01 -2.487623393535614014e-01
2.092958390712738037e-01 4.882058799266815186e-01 -2.952692843973636627e-02
1.824933737516403198e-01 3.992744088172912598e-01 -1.919938325881958008e-01
1.786267906427383423e-01 -2.269367426633834839e-01 -1.636974513530731201e-01
-3.999350592494010925e-02 -6.067354604601860046e-02 -2.648438215255737305e-01
-5.862341821193695068e-02 1.887651830911636353e-01 -2.607136070728302002e-01
1.766056120395660400e-01 3.330152034759521484e-01 -1.955967843532562256e-01
-1.496815085411071777e-01 1.633863151073455811e-01 -2.223992496728897095e-01
-1.217366307973861694e-01 5.988429784774780273e-01 -1.007775589823722839e-01
2.342528849840164185e-01 -7.034000754356384277e-02 -1.310072243213653564e-01
7.627648860216140747e-02 4.562186598777770996e-01 2.292882651090621948e-01
2.306499332189559937e-01 4.352160692214965820e-01 -1.036774963140487671e-01
1.618422716856002808e-01 1.697222441434860229e-01 -2.100964784622192383e-01
2.628329396247863770e-02 1.792568862438201904e-01 2.659329473972320557e-01
-1.603824645280838013e-02 4.761667847633361816e-01 -2.210810929536819458e-01
-9.080395102500915527e-02 2.723801136016845703e-01 -2.485865801572799683e-01
4.500108212232589722e-02 1.220771223306655884e-01 2.623299956321716309e-01
2.019141614437103271e-01 -1.584805846214294434e-01 1.675986498594284058e-01
3.611672297120094299e-02 -1.749135702848434448e-01 2.573210000991821289e-01
-2.067136466503143311e-01 3.041036427021026611e-01 1.682137846946716309e-01
2.360983192920684814e-01 -2.308911830186843872e-01 4.851659014821052551e-02
2.114927619695663452e-01 1.027775853872299194e-01 -1.557885259389877319e-01
2.246742993593215942e-01 4.544611275196075439e-01 8.690124005079269409e-02
2.296832799911499023e-01 3.137701451778411865e-01 -1.279315352439880371e-01
5.775272147729992867e-04 5.920764207839965820e-01 1.610078662633895874e-01
2.585069239139556885e-01 2.175448685884475708e-01 5.746246874332427979e-02
2.540251910686492920e-01 -7.833681255578994751e-02 8.712971955537796021e-02
1.657088696956634521e-01 6.464440375566482544e-03 -2.042966187000274658e-01
1.292399317026138306e-01 1.696607172489166260e-01 -2.335596233606338501e-01
-1.220002695918083191e-01 7.054377198219299316e-01 -8.190405555069446564e-03
-5.000268667936325073e-02 9.969254732131958008e-01 -2.775181271135807037e-02
-2.179618924856185913e-01 4.832847416400909424e-01 1.971931569278240204e-02
-1.934242062270641327e-02 5.317928791046142578e-01 1.900951564311981201e-01
-2.317585796117782593e-01 1.083753407001495361e-01 -1.346101909875869751e-01
-5.311353132128715515e-02 7.129072546958923340e-01 -1.051714047789573669e-01
-2.310555577278137207e-01 2.944371998310089111e-01 1.361386924982070923e-01
-2.677002549171447754e-01 1.792656779289245605e-01 -2.733879163861274719e-02
1.217703893780708313e-01 8.902429342269897461e-01 1.131827849894762039e-02
8.296392112970352173e-02 -6.067354604601860046e-02 -2.543864548206329346e-01
-8.227989077568054199e-02 6.042034626007080078e-01 1.345569044351577759e-01
-1.892261356115341187e-01 4.500727355480194092e-02 1.883376091718673706e-01
2.559584975242614746e-01 4.182558059692382812e-01 -4.545022919774055481e-02
1.968173086643218994e-01 -4.810713976621627808e-02 1.820983439683914185e-01
1.334580332040786743e-01 5.270475149154663086e-01 -1.366313546895980835e-01
-2.510036230087280273e-01 2.709740400314331055e-01 9.167296439409255981e-02
-2.334715100005269051e-03 -5.171010270714759827e-02 2.700631916522979736e-01
-2.010895311832427979e-01 4.952360391616821289e-01 -6.383408606052398682e-02
-1.387847661972045898e-01 -3.211353719234466553e-02 2.317488044500350952e-01
-2.503885030746459961e-01 5.462979897856712341e-02 8.893999457359313965e-02
-1.558328866958618164e-01 5.484015941619873047e-01 -9.629583358764648438e-02
-4.465977102518081665e-02 7.538579106330871582e-01 9.791222959756851196e-02
-9.757048636674880981e-02 9.369934797286987305e-01 7.830687612295150757e-02
2.616905234754085541e-02 -3.202017396688461304e-03 -2.629984021186828613e-01
1.495395004749298096e-01 2.846828699111938477e-01 -2.159842401742935181e-01
9.224373102188110352e-02 5.424259901046752930e-01 1.607442498207092285e-01
-1.046885102987289429e-01 9.891923666000366211e-01 -1.768990233540534973e-02
-2.484551966190338135e-01 4.375008940696716309e-01 6.660167127847671509e-02
2.596693672239780426e-02 2.553374134004116058e-02 -2.614166140556335449e-01
-4.950178787112236023e-02 6.518327593803405762e-01 1.334145069122314453e-01
1.476062238216400146e-01 4.923360943794250488e-01 1.506384015083312988e-01
1.614028960466384888e-01 1.728418618440628052e-01 2.116249948740005493e-01
2.078019231557846069e-01 1.347735673189163208e-01 1.639078110456466675e-01
1.607877612113952637e-01 1.124141737818717957e-01 -2.085147053003311157e-01
1.985748559236526489e-01 2.847707271575927734e-01 -1.716063767671585083e-01
-1.191881969571113586e-01 1.403713375329971313e-01 2.400092482566833496e-01
2.190501838922500610e-01 -2.461818009614944458e-01 -8.724451065063476562e-02
-2.163801193237304688e-01 3.715931773185729980e-01 1.587230712175369263e-01
-1.603146195411682129e-01 4.919845759868621826e-01 1.412355601787567139e-01
-1.041612550616264343e-01 5.551735684275627136e-02 -2.414685487747192383e-01
-9.264937788248062134e-02 8.438438773155212402e-01 -7.148817181587219238e-02
-2.672608792781829834e-01 4.088529944419860840e-01 -8.251919411122798920e-03
-2.196315675973892212e-01 2.526956498622894287e-01 -1.509552896022796631e-01
-5.132084339857101440e-02 9.147605895996093750e-01 -1.127288267016410828e-01
1.861841976642608643e-01 -2.612087428569793701e-01 -1.406736969947814941e-01
-1.005582958459854126e-01 5.300352573394775391e-01 -1.633459478616714478e-01
5.479057505726814270e-02 -5.127071216702461243e-02 -2.618560194969177246e-01
6.333221495151519775e-02 -2.026826888322830200e-01 2.443152368068695068e-01
1.664997637271881104e-01 4.590307474136352539e-01 -1.685306876897811890e-01
-8.931005001068115234e-02 4.588549733161926270e-01 2.228732556104660034e-01
-1.539874672889709473e-01 2.367020547389984131e-01 2.187430411577224731e-01
8.820138871669769287e-02 9.804046750068664551e-01 7.284092903137207031e-02
2.155551314353942871e-02 -8.466395735740661621e-02 2.701510488986968994e-01
-2.212133556604385376e-01 1.791953891515731812e-01 1.542413532733917236e-01
-1.422119736671447754e-01 4.920724630355834961e-01 -1.571945548057556152e-01
2.487525790929794312e-01 3.962866067886352539e-01 9.176084399223327637e-02
8.292877674102783203e-02 -2.510150074958801270e-01 -2.203780859708786011e-01
1.715966314077377319e-01 2.367899566888809204e-01 -2.006057649850845337e-01
7.578437775373458862e-02 6.040276885032653809e-01 -1.340829133987426758e-01
-1.377302408218383789e-01 3.571813404560089111e-01 -2.287264019250869751e-01
8.793776482343673706e-02 7.225737571716308594e-01 7.269154489040374756e-02
-5.234021693468093872e-02 5.242409184575080872e-02 -2.576379179954528809e-01
9.488004446029663086e-02 7.904147505760192871e-01 3.421901166439056396e-02
2.681733667850494385e-01 -1.080392226576805115e-01 -1.704839989542961121e-02
2.324074655771255493e-01 4.616670310497283936e-01 2.632766216993331909e-02
1.904022842645645142e-01 3.174609541893005371e-01 1.846467852592468262e-01
2.360104173421859741e-01 1.883257776498794556e-01 -1.207256317138671875e-01
1.188704594969749451e-01 5.700193047523498535e-01 1.219905167818069458e-01
-4.152256250381469727e-02 6.250303387641906738e-01 1.447506397962570190e-01
1.716845035552978516e-01 4.778364002704620361e-01 1.371932178735733032e-01
1.574484407901763916e-01 5.598255991935729980e-01 -7.201542705297470093e-02
1.730026602745056152e-01 5.578922629356384277e-01 -2.078317105770111084e-02
-8.496893197298049927e-02 4.267798960208892822e-01 2.475666701793670654e-01
-5.894856527447700500e-02 4.327555298805236816e-01 -2.504319846630096436e-01
1.011193022131919861e-01 5.025298595428466797e-01 -1.765274852514266968e-01
1.209795027971267700e-01 -2.223671227693557739e-01 -2.123812884092330933e-01
4.514168575406074524e-02 -1.832618862390518188e-01 -2.516622841358184814e-01
-2.607579529285430908e-01 4.063045680522918701e-01 -6.073203310370445251e-02
1.397851705551147461e-01 5.505985617637634277e-01 -1.093894988298416138e-01
8.501145988702774048e-02 9.367298483848571777e-01 -8.605816960334777832e-02
8.379875868558883667e-02 8.411197066307067871e-01 7.827172428369522095e-02
1.297671943902969360e-01 4.271313846111297607e-01 2.263883203268051147e-01
-3.870170935988426208e-02 9.478023648262023926e-01 -1.154530048370361328e-01
-1.727052628993988037e-01 5.560469031333923340e-01 5.247984081506729126e-02
3.560703620314598083e-02 -2.283427715301513672e-01 2.413274198770523071e-01
-6.795594841241836548e-02 8.626495599746704102e-01 1.038878560066223145e-01
2.630965597927570343e-02 4.519127011299133301e-01 -2.415564358234405518e-01
1.446184068918228149e-01 6.281059980392456055e-01 -1.719779148697853088e-02
1.214188933372497559e-01 9.180998802185058594e-01 1.036041881889104843e-02
2.636037766933441162e-01 -6.067354604601860046e-02 -3.689101710915565491e-02
-1.982328481972217560e-03 9.967498183250427246e-01 -5.658423900604248047e-02
1.474304646253585815e-01 5.133387446403503418e-01 1.326236277818679810e-01
1.665876358747482300e-01 3.983956277370452881e-01 2.069675177335739136e-01
5.661841854453086853e-02 9.603686928749084473e-01 -1.048198938369750977e-01
2.034959495067596436e-01 3.300869138911366463e-03 1.688289195299148560e-01
-2.674366235733032227e-01 1.888618469238281250e-01 2.939456887543201447e-02
1.070949360728263855e-01 4.993662834167480469e-01 1.764742136001586914e-01
2.321438491344451904e-01 1.601788103580474854e-01 1.320084780454635620e-01
-4.910634085536003113e-02 2.175448685884475708e-01 -2.611530125141143799e-01
-2.679638862609863281e-01 3.521723747253417969e-01 -1.778656803071498871e-02
-9.642808139324188232e-02 9.805803894996643066e-01 6.730468571186065674e-02
1.230885460972785950e-01 4.864483177661895752e-01 -1.731002926826477051e-01
-1.147943586111068726e-01 4.375887513160705566e-01 -2.267052382230758667e-01
-6.566236168146133423e-02 5.314413309097290039e-01 1.801650375127792358e-01
4.522956162691116333e-02 -3.202566131949424744e-02 2.639996707439422607e-01
-2.686668932437896729e-01 2.368777841329574585e-01 1.034284383058547974e-02
-1.070611923933029175e-01 8.956034183502197266e-01 -6.665493547916412354e-02
5.467633903026580811e-02 6.488449573516845703e-01 1.306903213262557983e-01
3.897272422909736633e-02 7.390066981315612793e-01 -1.013048216700553894e-01
2.319680899381637573e-01 4.612276256084442139e-01 -3.055508807301521301e-02
2.638674378395080566e-01 3.425059020519256592e-01 1.026375405490398407e-02
-2.300010323524475098e-01 4.399614334106445312e-01 1.094241067767143250e-01
1.835478842258453369e-01 -1.502201706171035767e-01 -1.909393072128295898e-01
1.628968119621276855e-01 4.400493204593658447e-01 -1.894454061985015869e-01
-2.620761394500732422e-01 1.053699553012847900e-01 -5.336794257164001465e-02
-8.773704618215560913e-02 6.619386076927185059e-01 1.074908152222633362e-01
-1.194518357515335083e-01 5.532348155975341797e-01 -1.343465596437454224e-01
2.634280323982238770e-01 2.656135559082031250e-01 -8.269494399428367615e-03
2.175562679767608643e-01 -3.432858288288116455e-01 -6.062658131122589111e-02
-1.121580526232719421e-01 3.650902807712554932e-01 -2.407655417919158936e-01
2.416345626115798950e-01 2.559471130371093750e-01 1.042393669486045837e-01
-1.120501477271318436e-02 3.137701451778411865e-01 2.659329473972320557e-01
2.204562127590179443e-01 4.412795901298522949e-01 1.202329695224761963e-01
7.938732951879501343e-02 3.515626490116119385e-02 -2.503441274166107178e-01
1.609635055065155029e-01 1.443609446287155151e-01 2.110098600387573242e-01
2.387346178293228149e-01 1.092013865709304810e-01 1.107422560453414917e-01
2.386467307806015015e-01 3.393423557281494141e-01 1.107422560453414917e-01
1.833721250295639038e-01 1.507759690284729004e-01 -1.929604709148406982e-01
1.274823993444442749e-01 3.490087985992431641e-01 2.338578701019287109e-01
1.210673749446868896e-01 -2.867809236049652100e-01 1.993222236633300781e-01
2.027929425239562988e-01 2.623621225357055664e-01 1.683016717433929443e-01
-3.034461289644241333e-02 -3.193778172135353088e-02 -2.644923031330108643e-01
-1.512632966041564941e-01 4.598216414451599121e-01 1.860528141260147095e-01
-1.824596077203750610e-01 1.855225265026092529e-01 -1.970028132200241089e-01
-7.747302204370498657e-02 9.946407079696655273e-01 -4.625869914889335632e-02
-2.026713192462921143e-01 4.789787828922271729e-01 9.088207036256790161e-02
2.302984148263931274e-01 3.201851546764373779e-01 1.303388178348541260e-01
1.781874001026153564e-01 -2.903784625232219696e-02 1.987070888280868530e-01
-1.910715550184249878e-01 5.117568969726562500e-01 6.558229029178619385e-02
-4.916785657405853271e-02 3.903109729290008545e-01 -2.619438767433166504e-01
1.999808847904205322e-01 1.571031212806701660e-01 1.755075752735137939e-01
-5.962521210312843323e-02 9.969254732131958008e-01 1.066798903048038483e-02
1.722996383905410767e-01 1.951186805963516235e-01 2.028373032808303833e-01
-1.143349427729845047e-02 3.903988301753997803e-01 -2.666892409324645996e-01
-2.596155703067779541e-01 3.806445002555847168e-01 7.563541829586029053e-02
1.333701461553573608e-01 1.153870448470115662e-01 2.306942939758300781e-01
-6.875563412904739380e-02 3.425059020519256592e-01 -2.566712796688079834e-01
8.143486082553863525e-02 1.220595389604568481e-01 2.532786726951599121e-01
-1.256032139062881470e-01 2.080541551113128662e-01 -2.360201925039291382e-01
-2.047803550958633423e-01 4.208921492099761963e-01 -1.645762324333190918e-01
1.301186978816986084e-01 -3.202017396688461304e-03 -2.310111820697784424e-01
2.555191218852996826e-01 2.560350000858306885e-01 6.773528456687927246e-02
-1.477482169866561890e-01 2.879343032836914062e-01 -2.202023416757583618e-01
2.302984148263931274e-01 8.997391164302825928e-02 1.303388178348541260e-01
1.437396407127380371e-01 1.261583343148231506e-02 2.222581207752227783e-01
1.017344444990158081e-01 7.386552095413208008e-01 -3.694374114274978638e-02
-5.985369533300399780e-02 9.735503196716308594e-01 1.039757356047630310e-01
2.471707910299301147e-01 -2.054068893194198608e-01 2.445588260889053345e-02
-1.471330672502517700e-01 6.288968324661254883e-01 2.928032726049423218e-02
-1.956411600112915039e-01 1.411885917186737061e-01 1.860528141260147095e-01
-4.309556260704994202e-02 4.606125056743621826e-01 2.343851327896118164e-01
2.306499332189559937e-01 1.279158331453800201e-02 1.305145770311355591e-01
1.331943869590759277e-01 2.319567054510116577e-01 -2.297809123992919922e-01
-2.271889746189117432e-01 6.670409440994262695e-02 -1.384767740964889526e-01
1.081494614481925964e-01 9.358510375022888184e-01 5.573128536343574524e-02
1.652895100414752960e-02 9.814592003822326660e-01 -1.122894361615180969e-01
2.574724331498146057e-02 8.891884684562683105e-01 1.224298924207687378e-01
-9.071607887744903564e-02 7.279342412948608398e-01 -6.951972842216491699e-02
-1.336000263690948486e-01 2.382838428020477295e-01 -2.315384596586227417e-01
2.008596509695053101e-01 -2.056705057621002197e-01 1.474748253822326660e-01
2.172047644853591919e-01 -2.143703252077102661e-01 1.184754297137260437e-01
2.273984998464584351e-01 2.687771320343017578e-01 1.363144516944885254e-01
1.752874553203582764e-01 6.113269180059432983e-02 1.968616694211959839e-01
-2.459946423768997192e-01 1.027775853872299194e-01 1.043272390961647034e-01
5.486087501049041748e-02 -6.084930524230003357e-02 2.644390463829040527e-01
1.579756885766983032e-01 -6.963699311017990112e-02 2.174248695373535156e-01
1.689603179693222046e-01 -2.567270398139953613e-01 -1.630823165178298950e-01
1.019101962447166443e-01 6.513933539390563965e-01 9.633044153451919556e-02
2.165017575025558472e-01 -1.937137544155120850e-02 1.536262184381484985e-01
-2.063621431589126587e-01 2.878518961369991302e-02 -1.658065021038055420e-01
5.263758823275566101e-02 1.119431480765342712e-01 -2.593075633049011230e-01
2.571887671947479248e-01 -1.763195991516113281e-01 1.504426170140504837e-02
-1.167076174169778824e-02 5.041994452476501465e-01 -2.028905749320983887e-01
1.703663468360900879e-01 -2.092734575271606445e-01 1.823619753122329712e-01
7.320079207420349121e-02 9.677504301071166992e-01 9.395776689052581787e-02
7.907097786664962769e-02 6.839078664779663086e-01 1.001091524958610535e-01
-2.641851902008056641e-01 2.655256986618041992e-01 3.856013342738151550e-02
2.019141614437103271e-01 -3.012806177139282227e-01 1.135543286800384521e-01
8.239272981882095337e-02 4.925118684768676758e-01 -1.919938325881958008e-01
2.375922054052352905e-01 -1.067210659384727478e-01 1.292842924594879150e-01
2.530585527420043945e-01 2.847707271575927734e-01 -7.454628497362136841e-02
1.640592329204082489e-02 5.470889061689376831e-02 2.638238966464996338e-01
2.560463547706604004e-01 9.310232847929000854e-02 -5.928206443786621094e-02
7.041509449481964111e-02 -1.280751675367355347e-01 -2.596590816974639893e-01
1.927749663591384888e-01 4.804727435111999512e-01 1.018666848540306091e-01
2.383830994367599487e-01 -2.123491615056991577e-01 -6.444044411182403564e-02
8.600447326898574829e-02 6.438414007425308228e-02 -2.477078288793563843e-01
-1.893140077590942383e-01 3.850438073277473450e-02 -1.861939579248428345e-01
9.874662756919860840e-02 8.891884684562683105e-01 -7.198028266429901123e-02
-1.156731247901916504e-01 1.882906407117843628e-01 2.419425547122955322e-01
1.237915605306625366e-01 6.251181364059448242e-01 8.057410269975662231e-02
3.754911571741104126e-02 7.773210406303405762e-01 9.518804401159286499e-02
2.561342716217041016e-01 -1.682349145412445068e-01 -3.688222914934158325e-02
-2.648003101348876953e-01 2.944371998310089111e-01 -2.696970663964748383e-02
2.461162805557250977e-01 -2.244706824421882629e-02 -9.629583358764648438e-02
1.465516984462738037e-01 -1.307114660739898682e-01 2.256853133440017700e-01
1.145644783973693848e-01 7.152799367904663086e-01 -9.561285376548767090e-03
-1.049521490931510925e-01 2.656135559082031250e-01 2.444909811019897461e-01
-7.770150154829025269e-02 2.176327705383300781e-01 2.572331428527832031e-01
8.408875018358230591e-02 -7.833681255578994751e-02 2.570573687553405762e-01
-2.505642473697662354e-01 4.389947950839996338e-01 -4.646960273385047913e-02
2.056928873062133789e-01 5.809215083718299866e-02 1.623260378837585449e-01
1.825812309980392456e-01 1.220287904143333435e-01 -1.921695917844772339e-01
-1.090823635458946228e-01 7.053498029708862305e-01 5.636399984359741211e-02
-2.989644184708595276e-02 8.364677429199218750e-02 2.633845210075378418e-01
2.290681451559066772e-01 -2.950413823127746582e-01 -2.209253795444965363e-02
-2.424795627593994141e-01 1.840461790561676025e-01 1.182996705174446106e-01
2.563100159168243408e-01 2.656135559082031250e-01 -5.936993658542633057e-02
-7.615487277507781982e-02 5.513015389442443848e-01 -1.629065573215484619e-01
5.335818231105804443e-02 8.040356636047363281e-01 -8.759602159261703491e-02
1.055131480097770691e-01 3.991919755935668945e-02 -2.391837686300277710e-01
-1.752537041902542114e-01 5.298595428466796875e-01 -7.882589846849441528e-02
1.410154402256011963e-01 -2.216641157865524292e-01 -1.982330977916717529e-01
2.223016172647476196e-01 -4.191236197948455811e-01 6.510776281356811523e-02
7.864916324615478516e-02 -1.020635962486267090e-01 2.602209448814392090e-01
2.632522881031036377e-01 -1.366870999336242676e-01 -3.684707731008529663e-02
-2.102087065577507019e-02 8.800492286682128906e-01 1.238359212875366211e-01
-3.679478168487548828e-02 6.813594102859497070e-01 1.260328441858291626e-01
2.262560874223709106e-01 -2.906475365161895752e-01 -4.677717387676239014e-02
