1.887327975335124641e+00 1.439922430018717225e+00 1.647868285336084426e+00
1.525748050128432398e+00 1.503209050925576218e+00 1.040053590525991556e+00
1.665153236677493487e+00 1.021741507742952138e+00 1.323055970164016326e+00
1.704708223017565638e+00 1.097083551808959445e+00 8.235974094604027185e-01
1.479065024086815505e+00 1.443328332123626545e+00 5.671493745066037429e-01
1.514207555310395525e+00 1.225277023395757503e+00 1.666978308454083901e+00
1.838497805064877255e+00 1.380503933287900331e+00 1.251365949475881978e+00
1.855423539399951638e+00 1.058220839728051477e+00 1.647760676222699505e+00
1.411214953195689681e+00 1.304294354633416475e+00 1.320239583731885435e+00
1.626784169857410589e+00 1.492559195926674853e+00 1.471071266628551033e+00
2.018284837007637833e+00 1.239579796515646315e+00 1.457305191314131276e+00
1.817372689134065800e+00 1.124578322838197586e+00 1.095492554415737452e+00
1.654582264876233166e+00 1.405836884553524513e+00 7.955333617904221111e-01
1.576447003849863471e+00 9.670037069625840864e-01 1.066678818640999005e+00
1.292681688699425679e+00 1.364628064764581206e+00 1.024057355024631466e+00
1.390035013582171519e+00 1.480645471252847400e+00 8.097052737168829450e-01
1.761264079510199476e+00 1.411626505426055278e+00 1.017936534000584148e+00
1.627117815244140342e+00 1.030740669742689519e+00 1.566269355204078506e+00
1.435168020393635002e+00 1.068036663266030084e+00 1.260851309564258393e+00
1.663886567856268428e+00 1.401236277873956437e+00 1.726919983006636627e+00
1.875913516470682607e+00 1.060421123412339295e+00 1.411832837602891244e+00
1.626016003761716622e+00 1.482465698013291089e+00 1.240846108449776164e+00
1.840288003688328011e+00 1.496123415499388543e+00 1.435650030853860226e+00
1.710116086808359581e+00 1.187672474875463458e+00 1.746791453671732830e+00
1.498622267347876402e+00 1.161365475686080950e+00 1.450844289866305203e+00
1.666688344923136889e+00 1.257545437317358461e+00 6.535087295799251184e-01
1.952137296218294793e+00 1.253614849505372053e+00 1.642962460965557536e+00
1.495931393755095762e+00 1.347235369535602079e+00 1.514488061718872514e+00
1.791637509553409613e+00 1.232753934613234570e+00 9.360532634393370355e-01
1.395640268691082930e+00 1.430827843862663151e+00 1.174751945941165721e+00
1.874460859026484849e+00 1.185875511089322654e+00 1.268270059845453490e+00
1.309389470761078034e+00 1.237945329645608217e+00 1.171121426067709637e+00
1.622410808596858267e+00 1.062931483852232573e+00 6.730189332661726809e-01
1.980896816564349461e+00 1.404270757592248620e+00 1.506164933106605375e+00
1.589840368898013834e+00 9.811127607713133747e-01 8.961861005475172393e-01
1.743292903868681076e+00 1.526352901367430404e+00 1.592127809178810915e+00
1.838039095197063100e+00 1.293781070950586809e+00 1.109022065564211568e+00
1.717848358172873846e+00 1.032497985273322483e+00 9.995238782210951189e-01
1.523497286602637057e+00 1.427275308610327809e+00 1.360810108059448131e+00
1.797095210922674102e+00 1.308948383734196863e+00 1.684847365705549382e+00
1.717228207275409924e+00 1.018254874606560945e+00 1.164963805513020256e+00
1.539936355725023409e+00 1.485758989024026588e+00 8.705985369724029699e-01
1.570167321230601987e+00 1.451562595502015274e+00 1.611479313406346314e+00
1.976520760318779768e+00 1.117370949754304954e+00 1.545375724144102847e+00
1.774158948083149223e+00 9.925710673623391322e-01 1.534976181847741650e+00
1.940050813451529965e+00 1.306091458601178701e+00 1.344052146694060257e+00
1.536264571792165246e+00 1.457891709172804529e+00 7.144818055594580608e-01
1.732583867446409132e+00 1.246671796017187805e+00 7.980730064324914608e-01
1.383220587638092525e+00 1.464618469043118321e+00 9.589700355760717443e-01
1.663679079677502504e+00 1.492322759829161960e+00 1.096896090842669258e+00
1.567291990678560287e+00 9.894957649560981450e-01 1.211792150739355201e+00
1.602730755188082723e+00 1.107060439548160469e+00 1.688895367940077330e+00
1.735149530110768001e+00 1.468714450112831527e+00 1.336325408075729415e+00
1.653762070322126521e+00 1.460380196094382521e+00 9.465878212735124864e-01
1.600977251280306435e+00 1.374263609594172930e+00 6.221063088345181180e-01
1.720212673206652942e+00 1.039550517566921739e+00 1.671272157986611218e+00
1.791270730411009149e+00 1.067687325723568614e+00 1.268385284376890132e+00
1.537976746768818126e+00 1.058812339545626813e+00 1.354881753506210540e+00
1.400512092952512777e+00 1.479305331405355028e+00 6.764564030746536005e-01
1.734061362440536103e+00 1.357131780551199318e+00 8.905414972053892209e-01
1.512014857926618827e+00 1.492956015720366070e+00 1.173277926289909123e+00
1.532521672819321834e+00 1.121530573732580915e+00 1.574716638195531093e+00
1.606606915772559097e+00 1.274723962281861578e+00 1.742311896242438651e+00
1.429335552439727319e+00 1.172613436695466138e+00 1.342253839378802160e+00
1.771271468513487379e+00 1.423259976439054331e+00 1.145094240506457917e+00
1.943098971418994125e+00 1.166134714620815416e+00 1.372378451541893529e+00
1.627439980272823883e+00 1.036202909613640699e+00 1.442325736028927885e+00
1.839209644930380305e+00 1.172897354596909469e+00 1.691460862482036642e+00
1.518737759157594347e+00 1.348208704978939076e+00 1.649931210736008680e+00
1.920910095860079769e+00 1.415049374564643081e+00 1.392266211490313932e+00
1.894333514244598060e+00 1.030257008761700455e+00 1.537111791428929841e+00
1.347439082844689162e+00 1.117849215131840213e+00 1.192665288158816672e+00
1.765644155720699882e+00 1.018173976769665590e+00 1.415047360311741942e+00
1.780559257587978506e+00 1.423684342807303604e+00 1.701506229602789411e+00
1.856573056979450520e+00 1.508443444462270744e+00 1.558652347449548170e+00
1.685621447924112948e+00 1.150296387323318736e+00 7.147698481812209126e-01
1.348575679870970712e+00 1.333884699392523077e+00 1.221702721963902727e+00
1.788980648453567079e+00 1.123500517356494033e+00 9.850800568421711478e-01
1.488135968708350632e+00 1.223445544595497703e+00 1.545493737347523711e+00
1.459905020118467789e+00 1.273119640413943321e+00 1.417115510084676178e+00
1.740507365024414277e+00 1.523320049686046396e+00 1.481156383608661198e+00
1.400878521966975487e+00 1.458447171543883147e+00 1.066919752310095282e+00
1.624769684911812062e+00 1.015525350090328072e+00 7.997541113685454617e-01
1.631106517765825270e+00 1.230656186070786307e+00 5.546800104332558767e-01
1.665728671157916674e+00 1.482276121587486006e+00 1.657108048380678600e+00
1.930740335875520408e+00 1.133997568446059034e+00 1.648269086073942180e+00
1.965534629603972849e+00 1.375073318134520495e+00 1.615398807561257311e+00
1.448560445916402539e+00 1.418017992418689754e+00 1.266201339264576786e+00
2.013330038595677163e+00 1.297691870256603819e+00 1.545424629375220293e+00
1.311385319729969412e+00 1.334124324639378578e+00 1.122638425864245670e+00
1.849048281552984285e+00 1.197741422203650208e+00 1.163334838235010160e+00
1.495962893587868159e+00 9.805464927962590505e-01 1.131174086591980821e+00
1.834552418849290767e+00 1.438950622372904053e+00 1.336872334272980689e+00
1.353071095431946480e+00 1.202196103060038768e+00 1.256971510908238665e+00
1.616659639716664154e+00 1.468411507457626719e+00 1.367623396197474195e+00
1.548026658317176230e+00 1.433877128228529196e+00 1.507229409167377687e+00
1.661302549360700986e+00 1.348245214773064804e+00 7.129827278184963646e-01
1.702959564149567839e+00 1.310213312924617179e+00 1.746577098736721068e+00
1.804701450687713260e+00 1.318252043736638512e+00 9.880460300087597902e-01
1.833876811871061330e+00 1.223129502853781636e+00 1.037164183877317125e+00
1.685031837033842406e+00 1.040325807611884423e+00 9.038796986155325230e-01
1.725020227018277508e+00 1.462336328302726640e+00 1.224430238574226282e+00
1.880081340212921948e+00 1.284617438548675716e+00 1.259354373604349098e+00
1.552360701597106152e+00 1.083657532206219409e+00 1.485533028807208389e+00
1.754058213577249559e+00 1.157716194441413382e+00 8.833896966626961778e-01
1.671891401916558273e+00 9.878625990371822096e-01 1.073604531752629043e+00
1.637049699857078044e+00 1.135602608854228590e+00 6.099814223701051086e-01
1.481725473424563511e+00 1.493310562593670676e+00 9.541719252679752294e-01
2.001049456740350063e+00 1.332402242271122361e+00 1.437432761333662601e+00
1.764439811987768003e+00 1.112309332893124170e+00 1.722634564227069953e+00
1.886636514725236635e+00 1.346013270694088382e+00 1.662413406508482350e+00
1.865128032983270456e+00 1.109891340984159980e+00 1.331582100326495155e+00
1.920756502433911495e+00 1.477707851926211458e+00 1.496204540323850640e+00
1.642336350178813964e+00 1.508196519595905505e+00 1.570535253730891867e+00
1.484660765573909691e+00 1.485861374191361772e+00 7.866336503407129754e-01
1.965864527608242929e+00 1.118433337640662772e+00 1.449042102715988545e+00
1.535432426522357785e+00 1.466022958947569066e+00 1.258935470554640279e+00
1.811287093237727630e+00 1.104844993062994662e+00 1.184611335756582839e+00
2.001042816826047233e+00 1.201905381176050502e+00 1.570678094135525171e+00
1.620942809074687796e+00 9.822004801930200868e-01 9.885660662724465864e-01
1.766082171042130389e+00 1.051773015293511193e+00 1.080629355583777818e+00
1.571812271522108784e+00 1.492276953995385291e+00 9.639016347209065083e-01
1.513341047900375269e+00 9.682644535609385983e-01 1.002906873932547072e+00
1.863714190272230287e+00 1.255724688872073003e+00 1.654726852700018958e+00
1.597282445740684897e+00 1.186399263607853749e+00 1.728645189546349492e+00
1.651728516176613093e+00 1.005680098891678531e+00 1.233276142622126370e+00
1.543573274988281563e+00 1.388632806959662513e+00 5.414618439151169804e-01
1.813861837361266272e+00 1.487823850031354089e+00 1.640113593003099224e+00
1.488590646010564011e+00 1.355931799558984130e+00 1.420942740770980039e+00
1.692012337638335362e+00 1.005286132638516516e+00 1.507749609010396563e+00
1.584296568665634286e+00 1.458100527442038663e+00 7.981900663335119717e-01
1.580893545123314148e+00 1.369369765536493810e+00 1.707110569568735414e+00
1.586603268755845786e+00 1.506545199125667978e+00 1.133343588952104852e+00
1.933076200786093768e+00 1.447789160585146506e+00 1.576148091881452107e+00
1.703006770577698781e+00 1.335765920706415644e+00 7.896136920475279597e-01
1.484010626312213255e+00 1.006959690659857243e+00 1.212897470457482418e+00
1.824235059866682551e+00 1.356424768289598681e+00 1.164403351551636767e+00
1.608950910727784178e+00 1.415241589504198316e+00 7.208961546955716670e-01
1.311572805763451033e+00 1.421165360285731261e+00 9.503380043915843345e-01
1.456775025607497609e+00 1.371369368257925547e+00 1.339619685043148767e+00
1.677531835624397338e+00 1.112882398873249024e+00 1.725767636694839346e+00
1.698290656772594609e+00 1.000087830437916381e+00 1.596486070825486436e+00
1.333898922361886230e+00 1.456506107170491671e+00 8.659966354235576480e-01
1.617979116623250224e+00 9.745131816245672374e-01 1.147801180194174320e+00
1.496100596041673114e+00 1.295143806324887459e+00 1.590183403700403009e+00
1.791239312722277655e+00 1.013667087278002699e+00 1.620445870212595230e+00
1.799392650496293156e+00 1.058146372642065458e+00 1.351405590924144251e+00
1.681658503946209970e+00 1.497115547232715782e+00 1.408875333988754308e+00
1.440563489949937548e+00 1.490769502259780666e+00 8.732302375206258960e-01
1.351134968305570228e+00 1.407772013015454737e+00 1.106684789789972978e+00
1.675051083046260381e+00 1.418314680546192141e+00 8.732721504970452076e-01
1.806846447732115335e+00 1.365059533351334675e+00 1.066148775098263446e+00
1.467709865712945927e+00 1.489693616624504058e+00 1.099753438694878405e+00
1.480088127029148826e+00 1.122569494619231056e+00 1.380925057583619608e+00
1.624610276942224374e+00 1.305279460548008696e+00 5.847853181686017976e-01
1.639323504569875523e+00 1.487998908194530401e+00 1.020455946281875637e+00
1.543834578706050786e+00 1.431204696402771370e+00 6.393580563230889524e-01
1.702135606531125278e+00 1.240697099349391763e+00 7.229834963413191984e-01
1.568979873827603733e+00 1.444196291822314349e+00 1.430900331835967432e+00
1.774479693976994898e+00 1.233792832882851576e+00 1.694279301076675015e+00
1.536246833703452497e+00 1.027759550115361575e+00 1.281962117388803613e+00
1.758801671598887895e+00 1.270160113146435510e+00 8.746794824486945341e-01
1.823725951483988528e+00 1.014355598276543313e+00 1.468040354791326996e+00
1.641250735248748649e+00 1.048628691655856038e+00 1.653243906891484594e+00
1.393909293271792249e+00 1.139817308700703524e+00 1.281269257172824583e+00
1.898650431812867856e+00 1.369313891487284218e+00 1.327186691783830197e+00
1.739944756256678549e+00 1.084861980730384534e+00 9.351608474753853040e-01
1.523306518764460105e+00 1.389659757387274430e+00 1.572184639194979416e+00
1.543359273523691400e+00 1.289126968337758417e+00 1.697302952177005109e+00
1.973323413342621402e+00 1.251546354078190371e+00 1.385919816613101485e+00
1.763708190073800086e+00 1.503195599607538568e+00 1.411197598984907486e+00
1.544818567870696713e+00 1.153233201211823378e+00 1.671710281462420955e+00
1.741128731239958816e+00 1.485135313010125913e+00 1.664399591664779798e+00
1.662550178923802413e+00 1.068385318773106496e+00 7.601905234546574297e-01
1.923125723942842313e+00 1.218880637475837414e+00 1.321743917271303692e+00
1.665442136882895774e+00 1.484465545621817872e+00 1.176790300030496894e+00
1.781516810379920379e+00 1.437942488033990385e+00 1.268274700282022716e+00
1.362193399474032507e+00 1.276840023263441148e+00 1.269051905925772106e+00
1.480729165234943023e+00 1.465195843088319183e+00 6.641560907324937091e-01
1.578253808874949593e+00 1.073595656913221674e+00 1.609521299232714364e+00
1.730210057101121413e+00 1.032267365399797798e+00 1.244430185975952119e+00
1.722188602986922001e+00 1.415690839073330931e+00 9.548471946327669047e-01
1.665736762458806863e+00 1.478361230295898610e+00 1.303683188243402347e+00
1.716460999322535708e+00 1.157846088432148646e+00 7.834329665685435540e-01
1.720638718128832290e+00 1.459508326262867861e+00 1.056437415469432928e+00
1.609771941129700457e+00 1.462604115141131755e+00 8.738566267397080978e-01
1.861704032323902913e+00 1.264853962743273774e+00 1.190235105662847070e+00
2.007033569744135715e+00 1.178812715431546643e+00 1.496654320392388104e+00
1.923767709718807506e+00 1.062283213600527132e+00 1.470484919091318732e+00
1.737304107899968253e+00 1.371593662072169817e+00 1.728647021407278661e+00
1.808758140924353608e+00 1.529999010180994823e+00 1.504013139800656873e+00
1.482393120002456488e+00 1.279323136951962425e+00 1.494594323032428340e+00
1.445251324288614692e+00 1.484295093568892110e+00 1.015605959076341991e+00
1.390486449229384469e+00 1.060514990325107876e+00 1.195275205535796914e+00
1.910737674770714323e+00 1.062786267141031749e+00 1.598730114482252107e+00
1.456487461781749371e+00 1.199633601302288799e+00 1.401943279191075087e+00
1.611109403511603810e+00 1.035280888123801368e+00 1.366846652760707048e+00
1.470120068879611885e+00 1.089712610913264434e+00 1.318810807602646129e+00
1.788992426521085921e+00 1.059659675456948502e+00 1.682989538682023944e+00
1.594530193779888139e+00 1.428282697567953674e+00 1.672964214479625733e+00
1.512258235137818874e+00 1.176829966305526831e+00 1.611089445504840789e+00
1.697430829692747611e+00 1.024941204404758555e+00 1.405326657944155455e+00
1.739975913924576068e+00 1.036227898440637230e+00 1.323349617594128613e+00
1.430169913695511719e+00 1.471388916723571860e+00 6.070325113458550081e-01
1.989343735612330022e+00 1.182017966012478549e+00 1.430344355195265704e+00
1.399675854206305026e+00 1.229939806896073184e+00 1.319217401342898999e+00
1.952370190673008210e+00 1.433883487239115961e+00 1.451953032345340011e+00
1.390418954364324167e+00 1.392014493063814529e+00 1.230506377083525171e+00
1.355806969841784060e+00 1.435993173679576129e+00 1.014121185057783370e+00
1.990738573245764975e+00 1.306663025579481552e+00 1.608850355553304468e+00
1.669273307773605497e+00 1.189782552467333110e+00 6.561928957029756759e-01
1.851312310565257579e+00 1.020452434492139293e+00 1.589532147963647946e+00
1.700308738439670453e+00 1.528597871090140892e+00 1.540003564410052705e+00
1.957573249053830233e+00 1.358778776064354821e+00 1.391118900109240775e+00
1.836376818714205772e+00 1.116214039486700615e+00 1.256824814160673265e+00
1.450201277845013292e+00 1.459521568350574672e+00 1.201594604050954196e+00
1.675290715949586229e+00 1.244372930396423937e+00 1.755048231027585670e+00
1.639864966775843147e+00 1.341574602677472416e+00 1.745474290337867718e+00
1.763056159059375183e+00 1.362534663509427979e+00 9.508066397254186786e-01
1.435881608583901015e+00 1.482541998636331959e+00 7.416141694735783885e-01
1.608243142715578333e+00 1.014193969623985447e+00 1.282600878631619645e+00
1.560841655775209613e+00 9.717972149195557297e-01 9.567395704965651060e-01
1.922309822503003529e+00 1.106963789788429464e+00 1.400515447620415799e+00
1.580269476084681823e+00 1.468929609397112257e+00 1.312160743647392991e+00
1.900793630751985042e+00 1.188265288813404652e+00 1.671187333211041626e+00
1.560536849070611520e+00 1.074225350545239044e+00 1.420944372407326295e+00
1.839180690947802788e+00 1.190274172267147712e+00 1.098655747735693744e+00
1.820156511057906989e+00 1.159136999878139340e+00 1.031779540707951304e+00
1.714393592300468727e+00 1.443498097429481986e+00 1.706925163421554315e+00
1.350702573221946423e+00 1.380412651879771913e+00 1.166050209576588559e+00
1.507659249750384900e+00 1.150123304314621064e+00 1.521449468785116332e+00
1.790734071942742256e+00 1.416998072235203354e+00 1.207091879824581104e+00
1.616718530193890446e+00 1.032386799140202260e+00 7.295604046351569227e-01
1.609960365770148449e+00 1.037905332282188287e+00 1.504727591673194143e+00
1.771432470675035731e+00 1.060498297622594066e+00 1.160774914922138690e+00
1.959599442957991711e+00 1.189806254679182107e+00 1.635921426177970428e+00
1.823768447778916002e+00 1.367268231791952893e+00 1.684357328156092404e+00
1.830328466567747059e+00 1.110258800414613223e+00 1.697222425387184597e+00
1.775900734569354489e+00 1.176679012636419053e+00 1.722199533506719948e+00
1.766346794017414235e+00 1.071452982490096906e+00 1.013497170588869789e+00
1.646683114213437715e+00 1.317613334805119774e+00 6.480467370763968171e-01
1.625397004689193903e+00 1.163843574065126285e+00 5.510771963788222427e-01
1.442516145753684809e+00 1.009433303022809314e+00 1.165863224679840160e+00
1.877357884396242182e+00 1.459283086149161246e+00 1.401109320012656090e+00
1.558149804049671960e+00 9.694555625302779811e-01 1.129311139321113489e+00
1.643185982543747592e+00 1.014556165025565004e+00 8.649047922740136229e-01
1.828610910093128261e+00 1.294245524761054256e+00 1.040735905110166115e+00
1.592789738189164250e+00 1.475716462258476636e+00 1.520476345233348292e+00
1.838463581814335779e+00 1.001517829958018746e+00 1.526711301559866119e+00
1.390068236721292205e+00 1.341140983024235789e+00 1.275378519835990154e+00
1.490352113013587942e+00 9.748613935161679622e-01 1.064428170881366320e+00
1.325066734587521777e+00 1.185083991100105649e+00 1.198486950134685314e+00
1.531999365169659955e+00 1.506628629392231966e+00 1.101032622990223198e+00
1.544710049096438720e+00 1.406131060981561154e+00 1.644366450781053146e+00
1.517664584170074660e+00 1.390596920728023544e+00 1.475948915494428304e+00
1.744992486877017912e+00 1.002450144845657976e+00 1.476705466623705387e+00
1.584414747113617405e+00 1.504932657076056390e+00 1.056480928519122786e+00
1.995927529771303499e+00 1.355191700236337615e+00 1.556455766030397925e+00
1.805533158061409127e+00 1.181449719542909671e+00 9.747212609709392517e-01
1.703457781680974392e+00 1.371354900985241487e+00 8.395741992209057036e-01
1.484712897151993616e+00 1.223527796629099829e+00 1.469943304438090514e+00
1.663023224957792090e+00 1.008693148697882291e+00 9.511055949972212487e-01
1.506794382918953401e+00 1.282995795038010645e+00 1.649021831357356582e+00
1.316587970273758623e+00 1.298008074370285314e+00 1.174725073412718146e+00
1.571764618993890306e+00 1.494583070302814898e+00 1.190763750020981115e+00
1.897391012888420825e+00 1.159936043311004195e+00 1.320975395154427190e+00
1.656140277945556738e+00 1.112883814386589121e+00 6.765811755196211585e-01
1.602549605633454721e+00 1.279235099699247868e+00 5.243249134617926632e-01
1.497204014632951274e+00 1.236328310184438450e+00 1.603579387094153708e+00
1.723681378577430090e+00 1.460861015424988363e+00 1.116604591703292515e+00
1.562311796464954883e+00 1.078631642991497941e+00 1.544785849920123466e+00
1.967225407881212140e+00 1.139491103640385417e+00 1.600701659780216390e+00
1.772121287560186609e+00 1.308157026305332815e+00 9.189513492457277444e-01
1.500260962924946595e+00 1.435837369810468056e+00 1.296961572119382122e+00
1.812178048364461391e+00 1.477535156963511564e+00 1.376425674460528326e+00
1.431556037114775748e+00 1.257203629466809858e+00 1.367772581771053542e+00
1.455000648719672940e+00 1.323596444330897848e+00 1.385147056407776356e+00
1.854805365320972399e+00 1.320394715584553902e+00 1.206264500966596431e+00
1.740756340348445397e+00 1.184602429822138925e+00 8.294436670512460585e-01
1.732382563743538606e+00 1.263570705239021930e+00 1.729145054677275528e+00
2.019435152176211279e+00 1.290334585365982667e+00 1.485658488469498106e+00
1.771390604761528653e+00 1.417334389027796959e+00 1.074873369106100318e+00
1.424397087122822203e+00 1.464965490519426261e+00 1.130046600587957917e+00
1.883610898234161057e+00 1.109691928155722263e+00 1.671262137933884784e+00
1.665115151868978849e+00 9.958442578739908901e-01 1.177041865062101511e+00
1.380565350877297481e+00 1.100327039309726640e+00 1.236696491347936577e+00
1.867280333035749029e+00 1.212161280334787428e+00 1.217229899841641982e+00
2.019125403894532322e+00 1.236873250925693446e+00 1.514894077363082792e+00
1.678719114866189299e+00 1.295375374455635331e+00 6.983150599788974233e-01
1.561007024513988428e+00 1.228268114148840739e+00 1.713592420271919714e+00
2.005578637473621750e+00 1.352320585878174386e+00 1.499792806085545216e+00
1.681000283742974943e+00 1.510435400177372101e+00 1.465189843765155153e+00
1.581265416153203152e+00 1.345701752792226369e+00 5.393151132881600640e-01
1.883614655330096754e+00 1.475747589574226248e+00 1.603710669369762698e+00
1.938245886992420397e+00 1.065708584558902050e+00 1.527391728565637319e+00
1.996653835878649641e+00 1.248579963439866658e+00 1.603515411529496060e+00
1.816199303287497901e+00 1.262592537479752419e+00 9.856540278964158741e-01
1.985157741037371526e+00 1.387693250528570843e+00 1.450137860154521174e+00
1.799570164246139914e+00 1.519341440429363921e+00 1.590818156117455695e+00
1.691432861747612648e+00 1.512408801647502576e+00 1.616517153170054399e+00
1.899364616142376727e+00 1.317529554535868508e+00 1.304494989659929383e+00
1.318281811024126116e+00 1.374021158871381987e+00 1.075735880285829227e+00
1.734689036033284060e+00 1.297208802810662753e+00 8.315800070620472662e-01
1.653896316355039531e+00 1.184418197119578853e+00 1.751795704435360701e+00
1.944068524553108634e+00 1.329784997319567008e+00 1.640651871138185225e+00
1.833165320090118788e+00 1.446768669518126327e+00 1.673129903667320617e+00
1.718181615517722305e+00 1.014618415973516985e+00 1.052502818746776425e+00
1.701579185688946394e+00 1.450721832744313211e+00 9.926498902954136172e-01
1.675083622567688835e+00 1.000299614691131156e+00 1.019413260494927309e+00
1.867098522854600429e+00 1.508426298273677801e+00 1.482566217931663433e+00
1.613794932139521965e+00 1.484660626295408514e+00 1.619790417661413517e+00
1.711440389083248803e+00 1.006938258805537556e+00 1.106918054981643751e+00
1.643382983774912098e+00 1.193277633711434582e+00 5.937145945062414221e-01
1.775566133684681303e+00 1.147005069985339798e+00 9.373685622612643042e-01
1.433456887762770693e+00 1.485224946868671791e+00 9.296310467024547775e-01
1.526903084337449812e+00 1.112422525470209367e+00 1.441089975242807020e+00
1.974501258538730264e+00 1.306588669945552894e+00 1.392035908552825996e+00
1.920337328134972710e+00 1.387035300155313289e+00 1.643995590696640363e+00
1.846373670281237889e+00 1.243855643537043365e+00 1.128997242220978636e+00
1.725900949263936779e+00 1.466453858472819061e+00 1.278848717044809957e+00
1.849438125886670115e+00 1.161890223583903037e+00 1.206956207079204813e+00
1.765865421955227665e+00 1.539310789913905575e+00 1.535971517619290294e+00
1.672760929617763015e+00 1.053194881041459974e+00 8.188558367837831531e-01
1.332194245495895712e+00 1.243113097291027147e+00 1.228076234824612367e+00
1.761915427803712575e+00 1.216102644841822844e+00 8.766240167845317233e-01
1.751245544074738980e+00 9.933755647320452464e-01 1.587339594567637624e+00
1.693932950341448640e+00 1.111576944332640426e+00 7.650888822568083780e-01
1.724177874568274982e+00 1.079782769781984619e+00 1.708829244155230631e+00
1.530001353479801818e+00 1.491581160761311198e+00 9.303029005986916955e-01
1.569478227158340289e+00 9.690133964009283174e-01 1.013680798277486250e+00
1.723568883892489856e+00 1.093375441981796925e+00 8.849141503518590524e-01
1.534150047524605487e+00 1.471527005529526422e+00 7.736111832274920053e-01
1.829207291440504868e+00 1.143029794156872780e+00 1.152118154647637560e+00
1.678787106877967172e+00 1.478425307896721330e+00 1.246766256719278987e+00
1.802565040325661672e+00 1.383856301663175969e+00 1.115742964732817866e+00
1.644617556857785656e+00 1.254509593257644218e+00 6.004137890402753142e-01
1.830104625409234353e+00 1.269963728262790248e+00 1.698360426038787230e+00
1.585309603898262365e+00 1.407771856715016146e+00 6.619528952012216916e-01
1.483816979874004849e+00 1.474769603489991088e+00 7.215982273489081056e-01
1.485631004171265479e+00 1.311592260467994375e+00 1.453248439417956561e+00
1.494442496245106389e+00 1.490076667070575400e+00 8.443636823391478252e-01
1.654972169673563975e+00 1.444239381644956133e+00 1.691850970906733309e+00
1.498481298013764285e+00 1.470563065943418346e+00 1.219631238957885833e+00
1.967814010070917385e+00 1.413104654187945730e+00 1.557222200433984405e+00
1.564163147278830657e+00 1.100974298799176632e+00 1.653733824119552498e+00
1.676382902754892879e+00 1.063828831663874652e+00 1.688857243189412216e+00
1.821181012478713335e+00 1.039511886787589434e+00 1.394794814337198652e+00
1.565646698220378941e+00 1.449475791421166671e+00 1.556125002668187651e+00
1.686557217144529774e+00 1.019259133130527184e+00 1.276100581179392179e+00
1.632575031085920170e+00 1.438827825487912548e+00 8.342925560995368972e-01
1.798843618096473973e+00 1.108028131874558841e+00 1.033404760977731707e+00
1.822809302470220105e+00 1.411234330906097068e+00 1.290064828908058514e+00
1.911502681562708750e+00 1.465680219509652549e+00 1.446604938969309639e+00
1.487916777214099096e+00 1.385961204498935784e+00 1.377973468202965845e+00
1.367797167553305826e+00 1.467840570317849647e+00 9.027151507327647595e-01
1.865533315974365003e+00 1.338866495052091876e+00 1.263424004337334594e+00
1.619046275879833185e+00 9.718603781481269799e-01 1.096880351641398965e+00
1.682164598513973708e+00 1.477333972442017140e+00 1.361902139612028106e+00
1.448004537395428226e+00 1.489958012716003255e+00 8.228551608081945412e-01
1.596322676536076290e+00 9.908147024646760670e-01 8.338562570285371622e-01
1.525538698693537754e+00 1.425344958083952562e+00 5.784576315034660743e-01
1.882537647998825392e+00 1.033747713294382198e+00 1.477581875777235210e+00
1.492012787726749945e+00 1.031206268571938534e+00 1.257983602007617607e+00
1.567675286282709246e+00 1.452342565829718435e+00 1.361219977368952616e+00
1.965967039199483679e+00 1.090807791562331763e+00 1.493341685751406578e+00
1.905808163006604161e+00 1.261510667788952711e+00 1.301270468500109967e+00
1.693668572943684003e+00 1.010367269124033962e+00 1.457576660117327672e+00
1.535440784551345583e+00 1.133674801580828229e+00 1.623351382289054845e+00
1.797103084368806725e+00 1.088510495125626143e+00 1.127755041040456652e+00
1.398628847457996871e+00 1.462370621439840646e+00 1.015646750759553463e+00
1.789360657387897735e+00 1.370636084721879699e+00 1.011639088831456368e+00
1.841107994394239666e+00 1.249770954442267934e+00 1.079032422145611569e+00
1.819812803799134571e+00 1.217558470825912176e+00 1.679906927817596207e+00
1.840302511912977890e+00 1.313139536997947499e+00 1.659865966753388378e+00
1.788369309054523848e+00 1.468226750305644090e+00 1.678305020693873884e+00
1.625132545543755302e+00 1.480486589512874929e+00 1.422859880501883723e+00
2.002211641381409279e+00 1.272826253556057496e+00 1.424158831068024877e+00
1.821493828489337385e+00 1.089029005945442830e+00 1.300991300582980292e+00
1.629344564959075203e+00 1.361288257189690043e+00 6.632589913866698828e-01
1.658581204770756434e+00 1.512482056377398631e+00 1.519519545219302437e+00
1.533121706915877791e+00 1.407514455839959711e+00 1.432503543089626685e+00
1.700941496907852901e+00 1.305402637008211464e+00 7.507415910055766917e-01
1.427707591886025362e+00 1.379225354915714519e+00 1.287566202362560697e+00
1.719406252318010031e+00 1.462204574248318067e+00 1.175857821615498233e+00
1.610799931196947199e+00 1.472742901959080974e+00 9.218265858595766638e-01
1.952268065502337668e+00 1.441763046790730751e+00 1.521127477899163249e+00
1.360146987637555371e+00 1.148085278635841755e+00 1.246829802458560676e+00
1.913392534595305561e+00 1.281374270066392151e+00 1.653705753264168576e+00
1.758499489303902319e+00 1.038271934627523096e+00 1.368788367391281735e+00
1.295485975522685962e+00 1.288031425072337255e+00 1.121763859004720532e+00
1.719864961253302793e+00 1.209906423808512210e+00 7.687933160870936700e-01
1.572379832254896304e+00 1.449993903387028160e+00 7.516101418020618707e-01
1.344172171604411270e+00 1.469473268335246940e+00 7.981277751112990648e-01
1.306999959093418484e+00 1.189683555470219423e+00 1.153874968978078064e+00
1.689243079800381464e+00 1.199365506595603925e+00 6.992822379084201456e-01
1.946273648383118449e+00 1.254191852234864513e+00 1.345313274181296315e+00
1.946328207016705392e+00 1.088369764357904668e+00 1.578255989272475679e+00
1.508668517177020885e+00 1.341912812307823000e+00 1.602931606417002275e+00
1.714769824656670716e+00 9.970113042583413909e-01 1.549735736906642236e+00
1.632306437965144408e+00 9.796729137786385211e-01 1.035357277662334541e+00
1.729580841144489067e+00 1.490922558047844015e+00 1.380065397311057485e+00
1.663824757883110461e+00 1.375744070599610458e+00 7.520207666935661006e-01
1.565585960725266235e+00 1.394041347929299679e+00 5.837206381086755824e-01
1.576104949266880828e+00 1.462086947906242829e+00 1.477652916622522961e+00
1.682871788469807450e+00 1.432607697705104544e+00 9.180440024813739663e-01
1.476520492755389657e+00 1.492544515816898176e+00 1.050602012124431051e+00
1.755004125652739333e+00 1.300833867432488633e+00 1.709607210497813057e+00
1.390988806759058782e+00 1.481730071258787751e+00 7.570052900486911041e-01
1.591134926379287995e+00 1.317477886533506615e+00 1.729107803179480207e+00
1.431590722038877939e+00 1.104154467540575890e+00 1.295871442924699801e+00
1.532553428932636574e+00 9.693852500509053671e-01 1.085148552659386034e+00
1.657118343180755238e+00 1.014882816927707099e+00 1.613719935376252801e+00
1.542055052076100718e+00 9.773385351690891953e-01 1.173150592382441015e+00
1.649791846086962055e+00 1.020336096198904308e+00 1.485883732772118382e+00
1.848191536409265590e+00 1.075061234483883688e+00 1.358185433437880896e+00
1.747886943552536820e+00 1.033482663270398394e+00 1.120658352379343414e+00
1.546097572471401005e+00 1.335515295564248195e+00 1.687975803003846309e+00
1.781916518797928228e+00 1.366916606342941876e+00 1.705715564599184830e+00
1.610922554500634707e+00 9.870827663201330315e-01 1.193949684011509804e+00
1.797793624689872027e+00 1.081183849248280815e+00 1.223110618118217863e+00
1.441320425187753385e+00 1.026194838649513219e+00 1.209620379832257342e+00
1.860508967856753682e+00 1.383081605534977943e+00 1.304534222685176825e+00
1.496380362014565479e+00 1.054958639645425356e+00 1.297847599502970795e+00
1.646536256650152241e+00 1.292958575794304732e+00 1.758030264533988252e+00
1.709870713389879615e+00 1.396422809108315066e+00 8.985037864979705802e-01
1.619875164914895471e+00 1.505841614992178057e+00 1.090152141691900889e+00
1.527399287073610834e+00 1.495999541389125831e+00 9.770306639753544298e-01
1.416882965707327857e+00 1.427399759757250530e+00 1.216906939506547269e+00
1.845459110342932307e+00 1.304636949979541161e+00 1.164086956421507280e+00
1.624756668323308118e+00 1.460720622793534984e+00 1.658749681462804659e+00
1.567058623513418958e+00 1.031619260306767760e+00 1.316608539217983376e+00
1.904130850426594579e+00 1.232670695904747316e+00 1.659028171890971848e+00
1.987958362203045004e+00 1.131015125236050300e+00 1.498624938343380064e+00
1.771481972243718728e+00 1.505154046373239130e+00 1.634745542562830778e+00
1.530655592557320199e+00 1.110440747156343333e+00 1.526185320938260537e+00
1.843230421143731146e+00 1.500815144095351439e+00 1.602098414344845345e+00
1.904400638458987771e+00 1.120047433889514554e+00 1.359755408038594959e+00
1.693702317809614222e+00 1.015605305657875768e+00 1.216709168321420620e+00
1.622002177360237107e+00 1.491257500893327537e+00 1.189831013956985206e+00
1.586120333248173031e+00 1.499124191959957608e+00 1.010993696882273696e+00
1.332020198811112444e+00 1.288258331114334521e+00 1.220122355293640437e+00
1.516106570815328514e+00 1.387185986494730683e+00 1.523702717689147557e+00
1.999900556217460990e+00 1.163004030846606529e+00 1.546777190003260749e+00
1.896723264518430430e+00 1.486620628903480679e+00 1.560929218116386519e+00
1.619617720462314114e+00 9.922552691349384446e-01 9.288010389604374195e-01
1.397302421056069388e+00 1.186520939687390808e+00 1.305778814244370478e+00
1.794953999713184700e+00 1.509369971551405287e+00 1.443833357939371620e+00
1.453585312952618169e+00 1.130020465198921409e+00 1.344729008122161007e+00
1.821875694225960185e+00 1.344447767465034582e+00 1.103386766771133676e+00
1.727116686975228355e+00 1.510667206941758156e+00 1.436439620504478043e+00
1.924001824546469841e+00 1.378394902793050214e+00 1.363198791235870955e+00
1.832568309491409586e+00 1.366357113044881277e+00 1.207628318568286341e+00
1.685340443270406663e+00 1.481322212292468965e+00 1.136279004248222924e+00
1.582413604136457375e+00 1.060746405704102058e+00 1.461367659021963306e+00
1.728419120959966637e+00 1.141683471581550258e+00 8.317659455020209869e-01
1.642953085645629363e+00 1.066265427040447245e+00 7.163072847353039174e-01
1.630715378834683094e+00 1.500799904687033282e+00 1.135924773791937570e+00
1.944492123658150717e+00 1.414752216608117008e+00 1.604292467100239206e+00
1.697116604588761790e+00 1.067583308567887856e+00 8.597706963640412425e-01
1.958546211723383168e+00 1.145183701813074384e+00 1.408631589678085216e+00
1.610672441438627089e+00 1.139910917171611526e+00 1.718295965222033983e+00
1.882495555530033338e+00 1.430228879200117875e+00 1.367677881705771092e+00
1.786291029850091583e+00 1.462966403742828048e+00 1.343321850387882099e+00
1.864590694406896620e+00 1.143590468754909883e+00 1.296201202225893967e+00
1.482807864373975715e+00 1.491973483300172987e+00 8.873773122506366517e-01
1.567336150859142574e+00 1.433841786414544739e+00 6.940199551160759484e-01
1.653154314407902614e+00 1.017604655464983798e+00 1.532586915642494718e+00
1.464607964100399506e+00 1.402102140611455106e+00 1.308958076141005789e+00
1.702388690634589086e+00 1.027799999676934695e+00 1.346435056260652408e+00
1.750338714412517538e+00 1.044080285721331380e+00 1.196287406111605334e+00
1.598450006473739471e+00 1.480295256311775942e+00 1.578645507084317057e+00
1.888518400703737221e+00 1.226031336596053345e+00 1.281730890827291969e+00
1.741987434409550506e+00 1.220505163379375535e+00 1.730141374938195753e+00
1.385380815404246180e+00 1.479620389368734967e+00 8.533977094062937807e-01
1.499373403707091379e+00 1.181966159007029837e+00 1.553980227614338849e+00
1.607896917475978960e+00 1.001273865101921068e+00 1.235457120459612534e+00
1.733640045463188395e+00 1.009274186939842277e+00 1.624160062404858884e+00
1.907896041220193517e+00 1.091985653067376827e+00 1.639244143106610485e+00
1.815973118511586604e+00 1.039503008355888936e+00 1.650489092660959889e+00
1.498412278833368472e+00 1.352374797244287441e+00 1.467337561656236744e+00
1.803666152597092731e+00 1.140533291215680034e+00 1.713880540671497643e+00
1.719246211495871979e+00 1.286345195212388992e+00 7.857009465187841935e-01
1.853436583937801307e+00 1.036145240127380740e+00 1.440194830377038437e+00
1.683468088079300262e+00 1.479557275586149245e+00 1.046148247932910280e+00
1.499776880904321930e+00 9.875850304069314634e-01 1.174159796493851715e+00
1.996102022052777203e+00 1.150682026471895103e+00 1.459674587068599427e+00
1.431781173829506537e+00 1.005229191824163149e+00 1.122276844882756253e+00
1.792695254480379585e+00 1.085201872876957685e+00 1.072638239430622420e+00
1.297092075781531628e+00 1.332918650752475731e+00 1.081852482190900355e+00
1.799895822533108092e+00 9.937662579033567090e-01 1.569726179407747280e+00
1.679961005216322079e+00 1.030122932325602703e+00 1.647883245859906864e+00
1.565478950265113856e+00 1.008183710408471878e+00 1.250544685134732603e+00
1.688630921829718412e+00 1.150255479539915138e+00 1.747567348284154498e+00
1.508348507373724168e+00 1.090586841296744769e+00 1.376340039140588223e+00
1.685146419377333116e+00 9.948382362302338189e-01 1.139161690207302957e+00
1.951467327324781342e+00 1.206608377478616045e+00 1.361101397664551849e+00
1.432726654877050976e+00 1.208726348151648144e+00 1.364355887630226416e+00
1.308718377337372285e+00 1.432662187860275882e+00 9.091662062127348065e-01
1.505384101231733274e+00 1.445469162871804158e+00 6.101336405993255108e-01
1.367418907172443632e+00 1.236080313131069364e+00 1.280023227777332906e+00
1.537194595384233198e+00 9.685832862303168644e-01 1.041633464862452785e+00
1.349370692823282480e+00 1.416915497305384797e+00 1.065202274825061579e+00
1.628403324524585027e+00 1.418421624394623715e+00 7.647218838985592182e-01
1.956576660193112049e+00 1.398352034396042054e+00 1.420830289173626415e+00
1.312000973824119843e+00 1.402349017195619663e+00 1.003531164419603883e+00
1.380927738438627594e+00 1.437004159824606386e+00 1.097659859304507490e+00
1.499828057725745012e+00 1.337343753390867862e+00 1.555293590309478002e+00
1.497212206251397504e+00 1.497461776118394150e+00 1.133830641628144287e+00
1.493890537289628062e+00 1.179586656832499303e+00 1.494591684082209326e+00
1.877212405370648929e+00 1.243989712940060333e+00 1.243472759924263871e+00
1.756775054564776228e+00 1.026205074758252733e+00 1.655498567299102719e+00
1.600182792731768222e+00 1.076975518577960589e+00 1.659518084003881011e+00
1.696521345617094667e+00 1.366349027458083176e+00 1.738836437513890276e+00
1.432466165641418820e+00 1.476261840597354658e+00 6.487071784122813156e-01
1.621221149667506412e+00 1.372982192801239343e+00 1.724605384873975078e+00
1.426730258910907878e+00 1.480813884145937953e+00 9.711033708811803722e-01
1.697600206364175079e+00 1.031904796778973621e+00 9.560889282486532137e-01
1.552096592058819224e+00 1.477066219856953078e+00 8.315147159396183429e-01
1.571054401325960415e+00 1.481778001688270896e+00 1.230776914631826813e+00
1.790303011665592026e+00 1.274710077025859700e+00 9.392206953649039347e-01
1.524071164884042151e+00 1.002927563279359280e+00 1.224998420566161039e+00
1.701725001388258773e+00 1.472870161591087745e+00 1.675949330475786869e+00
1.727600981565339699e+00 1.010754105454636509e+00 1.430896220069960423e+00
1.786376213436400961e+00 1.191845129857445951e+00 9.303382136845418371e-01
1.636676404429001641e+00 1.228612890113056189e+00 1.754825765807902060e+00
1.477848367141878727e+00 1.261063716064982909e+00 1.453087811695541465e+00
1.800125054364642319e+00 1.395231984892447263e+00 1.172558138880133161e+00
1.735187247426088986e+00 1.328894698883318126e+00 8.602344360649492039e-01
1.558453721927536506e+00 1.188508639143374124e+00 1.701307693960723233e+00
1.537456264913323212e+00 1.454291001384274695e+00 1.300626037495909326e+00
1.734166149087354114e+00 1.057676176141847169e+00 9.705165759030195405e-01
2.009134763594629280e+00 1.254089683099359087e+00 1.564441848430835114e+00
1.327626749022726038e+00 1.337512048368987960e+00 1.167615925571991564e+00
1.986971427740256368e+00 1.219522203545861938e+00 1.408362887331783275e+00
1.485080849041084949e+00 1.147157267401804015e+00 1.413851891585256260e+00
1.747073949436798168e+00 1.254067606813423552e+00 8.383526241532149870e-01
1.667745348226554958e+00 1.011226828859277171e+00 1.570817740362226766e+00
1.596106256558627479e+00 1.476673699761464453e+00 1.274807968329367602e+00
1.546538076907293613e+00 1.423554122636243369e+00 1.592573994233117629e+00
1.855799271565305331e+00 1.150954910310501900e+00 1.247035563419398585e+00
1.517725409147359095e+00 1.129570649769079838e+00 1.487113073953543418e+00
1.546571900849496028e+00 1.505003825767267989e+00 1.142727839805221191e+00
1.763803517140092314e+00 1.091946543193730079e+00 9.765474596532947027e-01
1.608566338563773401e+00 1.045641942608181552e+00 1.605661719064110038e+00
1.483922573539973033e+00 1.267172427416853875e+00 1.533879502893733315e+00
1.928388357915566731e+00 1.085527581256809704e+00 1.436645145318455219e+00
1.358089421636671013e+00 1.083324983075561132e+00 1.169656320706360164e+00
1.470255326304885424e+00 1.462252681562237866e+00 6.229742166350249466e-01
1.606353906249148977e+00 1.024698291275103923e+00 1.324933903823295900e+00
1.868206079465114522e+00 1.212913116876640940e+00 1.668616585490186877e+00
1.491422766292776814e+00 1.408809270322598950e+00 1.344153672793103160e+00
1.438133291326497032e+00 1.485947166430743316e+00 7.820486801638167895e-01
1.432954392085559192e+00 1.479308625387693699e+00 7.007008222351299720e-01
1.812151204288294126e+00 1.221254749966755648e+00 9.801557059541611272e-01
1.615417233824294474e+00 1.391859558409496156e+00 6.884125625531568593e-01
1.518090953895674167e+00 1.186189044083735933e+00 1.649928032786851517e+00
1.677883900954221463e+00 1.525572234761749080e+00 1.580797582932373713e+00
1.597733375802220745e+00 1.235916358242983293e+00 1.737162218659964674e+00
1.874056842282072255e+00 1.408034418487954298e+00 1.334884719101394834e+00
1.805906415089155725e+00 1.003103236898238215e+00 1.503028760210370240e+00
1.664565731854700914e+00 1.022790586829680048e+00 1.432742352496098048e+00
1.459840054933491560e+00 1.475965612184650055e+00 1.166488455418560166e+00
1.581571659262487328e+00 9.758260115362655807e-01 1.165112871584720322e+00
1.561666906206140348e+00 1.484404287415855839e+00 9.066948309409360585e-01
1.705998133594186505e+00 1.168827119376850465e+00 7.463636614499522537e-01
1.485391944912000106e+00 1.308458067757812149e+00 1.522146919123050779e+00
1.779521306119271395e+00 1.056189747595089878e+00 1.305058371921189453e+00
1.823221430820843425e+00 1.193753401361979938e+00 1.008507675207024556e+00
1.704715791801824309e+00 1.523150920556942234e+00 1.499483103442205145e+00
1.363516152400331194e+00 1.314595209037495716e+00 1.256046636726463772e+00
1.850366454265131910e+00 1.456865063186836950e+00 1.371909853062098117e+00
1.590210906764230492e+00 1.453283008789339803e+00 1.398739048139535868e+00
1.434281601740597045e+00 1.296655146589230201e+00 1.363682531964713007e+00
1.651055238325065400e+00 1.443259344809725953e+00 8.927351888543360037e-01
1.771266139536900486e+00 1.452038636069743704e+00 1.308418450534653443e+00
1.828797353446097951e+00 1.119139357804818546e+00 1.218010991861254722e+00
1.674429036601248422e+00 1.399814864669881365e+00 8.294274682280401434e-01
1.715222642716668355e+00 1.255752629809532062e+00 7.570486616586170614e-01
1.740568325702892105e+00 1.039455784689710338e+00 1.031119268863621263e+00
1.737602234954423119e+00 1.138841734763762936e+00 1.734527663063257341e+00
1.876826095871158007e+00 1.159604061785455720e+00 1.683548696683357271e+00
1.667018018003666668e+00 1.469770804314993073e+00 9.924867550239241387e-01
1.750963370853003020e+00 1.042181947837231615e+00 1.276470264476771810e+00
1.859161498320140105e+00 1.382991708133266107e+00 1.676911487279711954e+00
1.642371930258151425e+00 1.104141586304556721e+00 1.710288863843772766e+00
1.884460631804466324e+00 1.500497187278530653e+00 1.526165828278822634e+00
1.340723826042288902e+00 1.450870332944530494e+00 9.257201857188946947e-01
1.739032056265435333e+00 9.979428062431524582e-01 1.518935211307940181e+00
1.608675255123003911e+00 1.047102129174231511e+00 1.409828003034857336e+00
1.477528177032119805e+00 1.190872867185486461e+00 1.435559280331399901e+00
1.572040208163699937e+00 1.277881857153416734e+00 1.724466257500935296e+00
1.749155655576686286e+00 1.460187367910944278e+00 1.693292976863623123e+00
1.608123699579475652e+00 1.340519079180665374e+00 5.895630186321142441e-01
1.647515764765393742e+00 1.149064937671077091e+00 1.736150023467706527e+00
1.646334244304901384e+00 1.032158042109325269e+00 1.383670322673351993e+00
1.362700945213388914e+00 1.370638984346832290e+00 1.212907991129391405e+00
1.653388370704728771e+00 1.143775105325351094e+00 6.447264421050860062e-01
1.753150734463798877e+00 1.126201161526933614e+00 9.064055845367035014e-01
1.331100347386417138e+00 1.365814826301006368e+00 1.134138906905471922e+00
1.875782297194423798e+00 1.487304777945180900e+00 1.451337066609539539e+00
1.546502608213677910e+00 1.376299151242034613e+00 1.669593887568292301e+00
1.681909090903457971e+00 1.231851817905520008e+00 6.788142584241894095e-01
1.821483588310903290e+00 1.524733609502201048e+00 1.554874080314665230e+00
1.785307110772348604e+00 1.013050564046503954e+00 1.448079294044755327e+00
1.675164258821340901e+00 1.103937308436431675e+00 7.318198405506223247e-01
1.651725048832479725e+00 9.809347060159058218e-01 1.124810924492213760e+00
1.985874236005052307e+00 1.191647843925976336e+00 1.607257586743281452e+00
1.326325606976725080e+00 1.148429523252024742e+00 1.179195161036916017e+00
1.515205941437360426e+00 1.484720073055756373e+00 8.122980847080538691e-01
1.777243780759184322e+00 1.250139265373608533e+00 9.045175306525161663e-01
1.895205457283977601e+00 1.194288533977161615e+00 1.304045259550016933e+00
1.693828965029471334e+00 1.441319747895470460e+00 9.560061458751122343e-01
1.612112817076248428e+00 1.480976637527966044e+00 9.593918552026261537e-01
1.531520924916078830e+00 1.253834226651285855e+00 1.688552423712456729e+00
1.939794190595534706e+00 1.343804683872542149e+00 1.357972507295514442e+00
1.618266407203506452e+00 1.437970913613799695e+00 7.985198158008720570e-01
1.872195726989655418e+00 1.040981477418037038e+00 1.613904596358891608e+00
1.498664536086063315e+00 1.497427214475450352e+00 1.012997476594986734e+00
1.394245977602569075e+00 1.440418777786287574e+00 1.133380775461743317e+00
1.826385717429356736e+00 1.068188142318098333e+00 1.679043528532977669e+00
1.739522733338534577e+00 1.331282456885535259e+00 1.727106803890364750e+00
1.895542074994120751e+00 1.055290519167497942e+00 1.445803140621729765e+00
1.579422210362932733e+00 1.508340020128353443e+00 1.095735098308186384e+00
1.686341244861602195e+00 1.369408917222349142e+00 7.948784899622031164e-01
2.011635637054174808e+00 1.196962095765246481e+00 1.530055232886952554e+00
1.802689464140423636e+00 1.416315608375494639e+00 1.243035639076461196e+00
1.737483872913360816e+00 1.023863537989984973e+00 1.083871541721874943e+00
1.528223620578140540e+00 1.048583650395112699e+00 1.317766441560823454e+00
1.922465014287539908e+00 1.470640201281788961e+00 1.538134951779427384e+00
1.758444912603005283e+00 1.444268016377540320e+00 1.225830487882780817e+00
1.641792188784367168e+00 1.477456974092109521e+00 1.332970138249858438e+00
1.339869550241046259e+00 1.151514956627343489e+00 1.214446559435915951e+00
1.642754939443973772e+00 1.380469575015753403e+00 7.188782261604539370e-01
1.691502729442656117e+00 1.472009308501011748e+00 1.210368809216384900e+00
1.625799975519482743e+00 1.273624759210584934e+00 5.647257983197385700e-01
1.573400082343816564e+00 1.154675531699425939e+00 1.697580019672018770e+00
1.371996782607999288e+00 1.354124984374782015e+00 1.244954921029263639e+00
1.424237477215891667e+00 1.339164265680783394e+00 1.318137922722593558e+00
1.825351236278335954e+00 1.151584723292879753e+00 1.071452901154886117e+00
1.474787993288400267e+00 9.829317022842931628e-01 1.097218584892953208e+00
1.643295654267263872e+00 1.496222528267074692e+00 1.062917723382464485e+00
1.419840126730234298e+00 1.149370360835145100e+00 1.314684220130265535e+00
1.879471137132336489e+00 1.350946977114152237e+00 1.301360636258772852e+00
1.525483747753036745e+00 1.385641483591980805e+00 1.609090306512372504e+00
1.716293694898866962e+00 1.064795607068929062e+00 9.149473426739246351e-01
1.449895332592679997e+00 1.240762627511297955e+00 1.402508738173150693e+00
1.863845552909145775e+00 1.013505703965599247e+00 1.550752683000544696e+00
1.595351107721475259e+00 1.049819227589358750e+00 1.536059593116145150e+00
1.914974928666645981e+00 1.445575902312123073e+00 1.608093309020476758e+00
1.838138698665959359e+00 1.176016805368588214e+00 1.135949186257358745e+00
1.498879116827382063e+00 1.498270077938486322e+00 1.082681955611260349e+00
1.835069364355234489e+00 1.026400780726025364e+00 1.621706703394292237e+00
1.700094035767367506e+00 1.404268038192885815e+00 1.729868495915237281e+00
1.892680965526833514e+00 1.039954000528918732e+00 1.576561002111252607e+00
1.748788891388923128e+00 1.441878449987442412e+00 1.169577716972286963e+00
1.775180145126607822e+00 1.061407777637451089e+00 1.116862269836361055e+00
1.470504790005992657e+00 1.452761755298522139e+00 1.234590094395570992e+00
1.843736398473505345e+00 1.476254929096886714e+00 1.401927929204739076e+00
1.862174713651376656e+00 1.418315963478213204e+00 1.667976077872485252e+00
1.619562119856079452e+00 1.420667016426292895e+00 1.698265790465430136e+00
1.553408008258549522e+00 1.102202250618058876e+00 1.619371501534664137e+00
1.653079952556762100e+00 1.481911347976444970e+00 1.217128602064911469e+00
1.397537544921878538e+00 1.041020919325413852e+00 1.165832748144010278e+00
1.481373844685316410e+00 1.235596209647650490e+00 1.512029530684605216e+00
1.965946406192067730e+00 1.178991158613490020e+00 1.398638222599279279e+00
1.497077336837307815e+00 1.078558648419974730e+00 1.340087849573241563e+00
1.537661021043285947e+00 1.443617616563422246e+00 6.726810177410061931e-01
1.490177131607524963e+00 1.261113981697745245e+00 1.568882425047435136e+00
1.456734374896567097e+00 1.036381209838101336e+00 1.240624870812894853e+00
1.446492098918865210e+00 1.482098937622118084e+00 1.067594445341627951e+00
1.756388050617597063e+00 1.436814163482600826e+00 1.101276079335318681e+00
1.660885318506140074e+00 1.322608687466697797e+00 6.829142860444561425e-01
1.534300310891052233e+00 1.412600425931637371e+00 1.546699308573139975e+00
1.587634663130957469e+00 1.449659872514182490e+00 1.643300795009522419e+00
1.803080075190301557e+00 1.087376342696224407e+00 1.703658177169699250e+00
1.717671739911607709e+00 1.028902771312290243e+00 1.291021446192166300e+00
1.636175590327518359e+00 1.099275568709785711e+00 6.438097087652030481e-01
1.733491436719552858e+00 1.123358535931945790e+00 8.623019116571737364e-01
1.748903512190493670e+00 1.399743337658976294e+00 9.730590209486684738e-01
1.557965859887438409e+00 1.438126844836133511e+00 1.397524921783003249e+00
1.801257917426490218e+00 1.495661884079250825e+00 1.411301369373845649e+00
1.775698777406883311e+00 1.524033977773762150e+00 1.476651642493406635e+00
1.402404393062798293e+00 1.107890638475285572e+00 1.267888807568897880e+00
1.549081857488325165e+00 1.418380697753534703e+00 6.039502955825131192e-01
1.405562705629353593e+00 1.482910835611395362e+00 8.824838288757257398e-01
1.642500939000975047e+00 1.040621653370263688e+00 7.698812976772332339e-01
1.761431831229443246e+00 1.050251664462468870e+00 1.229618462687542824e+00
1.595470959419894141e+00 9.785353571970851760e-01 9.641858617834629941e-01
1.645083652953612363e+00 1.284707122755613495e+00 6.189626837598487530e-01
1.856886728327211911e+00 1.477330767998679795e+00 1.626921805180183478e+00
1.737053668479001889e+00 1.025233204014399657e+00 1.395156294857830215e+00
1.920415504292435349e+00 1.043441585903830848e+00 1.506574343248269665e+00
1.371459745966534971e+00 1.171218830970705449e+00 1.271228945439174085e+00
1.371604935016921711e+00 1.400133909826439371e+00 1.186699316438762475e+00
1.511011521597643847e+00 1.417038170394958607e+00 5.473929903627811067e-01
1.469142678686626624e+00 1.307837167862753391e+00 1.422212537108249464e+00
1.668982598787568605e+00 1.145493864047723021e+00 6.797933626394503381e-01
1.830773703993267443e+00 1.311716097400303926e+00 1.079448349578409960e+00
1.438269444631341987e+00 1.328826370609837770e+00 1.349984186781207018e+00
2.019963806324575728e+00 1.274312760705709424e+00 1.517102978964565141e+00
1.466620293742655345e+00 1.492384029669797219e+00 9.187742563585821198e-01
1.773923747686828145e+00 1.482036811804217757e+00 1.370247478482045311e+00
1.390066321015340112e+00 1.309740680598015405e+00 1.291351511511732442e+00
1.598743492205229266e+00 1.457872051598950947e+00 8.300615951843508533e-01
1.806519483926862568e+00 1.179974008968461163e+00 1.701950435637671344e+00
1.702715075215837315e+00 1.497076001915785604e+00 1.650322902240409118e+00
1.553752632788037991e+00 1.354615922708386933e+00 5.195382890748183602e-01
1.978637076163015207e+00 1.365423639361501795e+00 1.423639622153105355e+00
1.696642458801437270e+00 1.478395675672607990e+00 1.078711488418634401e+00
1.758331599756622010e+00 1.266694427339587703e+00 1.702586912485318127e+00
1.829878140444310075e+00 1.265013767398332156e+00 1.021606028047736148e+00
1.657491533452434718e+00 1.505235326858719525e+00 1.611292062603415731e+00
1.848059983757227132e+00 1.273078642017030360e+00 1.149332926667641086e+00
1.881480988854195902e+00 1.093455271647997940e+00 1.360792795072093719e+00
1.473976057512852877e+00 1.490898243199379136e+00 9.891827889995492562e-01
1.331909871755813102e+00 1.208455973522132076e+00 1.225625992943169429e+00
1.923393508463107748e+00 1.167003697296794984e+00 1.343587733581959043e+00
1.638745930934468964e+00 1.017598897140307157e+00 1.300921011530799420e+00
1.833088179268848927e+00 1.515494638519228721e+00 1.479207491967017729e+00
1.992103319714495280e+00 1.337373758371613208e+00 1.585997376003471571e+00
1.912787202019439414e+00 1.439913822592386428e+00 1.414765040028101106e+00
1.862479901055771103e+00 1.082205725836910881e+00 1.672346662342756085e+00
1.586258357689712906e+00 9.672578985709331389e-01 1.107587979245528764e+00
1.782519211000635595e+00 1.398911587377614119e+00 1.042152145080786685e+00
1.754980324059547625e+00 1.342735205634703943e+00 9.139158942761513860e-01
1.463237682648381277e+00 1.161335786250476287e+00 1.390879244541579407e+00
1.659424488558167488e+00 1.000327122460014095e+00 9.843344814530228248e-01
1.460945579564584484e+00 1.354606923630226500e+00 1.371183342937500438e+00
1.784004978935147756e+00 1.338610588782203958e+00 9.644117728778822674e-01
2.011719209591109614e+00 1.327552222919945235e+00 1.528989898746333287e+00
1.303363693083807950e+00 1.271406340499737553e+00 1.150777148071873590e+00
1.805271670877866885e+00 1.150739119523150888e+00 9.985001124362288261e-01
1.732111175302822881e+00 1.392298121865185312e+00 9.307188030675188628e-01
1.499135348901039499e+00 1.477611155677210020e+00 7.564644209031773370e-01
1.748579466019493545e+00 1.441024363980258460e+00 1.063905937403853530e+00
1.750765292341753376e+00 1.051581570338447014e+00 1.680990000423541408e+00
2.001922655079254376e+00 1.360701740394302028e+00 1.463527604136797944e+00
1.333308671962215586e+00 1.409851685121367604e+00 1.035771019572921725e+00
1.876642776047436456e+00 1.019981083848345849e+00 1.508524024520295104e+00
1.421479955721524746e+00 1.487924315783871743e+00 8.444826373700713429e-01
1.465631175676357145e+00 9.911659884362074013e-01 1.143215566527734595e+00
1.415883077956377800e+00 1.403934476058178671e+00 1.249870847621640024e+00
2.019136064817992349e+00 1.274116844696709272e+00 1.455656199686837349e+00
1.645525392677236853e+00 1.478184726898809531e+00 1.395499577400593827e+00
1.951112326531526664e+00 1.287896445386222055e+00 1.641573660207324536e+00
1.553706775779417848e+00 1.498101115011576168e+00 9.987526979523778659e-01
1.512946075267395329e+00 1.407911182904311609e+00 1.386772910403234471e+00
2.007690998218392142e+00 1.207725001155511180e+00 1.442208447660404014e+00
1.545245848012664291e+00 1.506781999210344614e+00 1.069454529790207165e+00
1.738060345118121575e+00 1.513371092422248765e+00 1.623150355881350926e+00
1.814593456836784746e+00 1.117541091422042276e+00 1.129303230769939104e+00
1.985938246648880190e+00 1.158659584027608158e+00 1.577593845048967491e+00
1.775617936562335464e+00 1.068171762300064609e+00 1.045924278226038728e+00
1.558601956501823205e+00 1.502193532150635891e+00 1.032312841795533176e+00
1.603159781446422905e+00 1.322336761292040919e+00 5.514670650407897945e-01
1.800815748936950289e+00 1.437519478683309204e+00 1.316948264062966611e+00
1.812424251595871283e+00 1.416975113636832928e+00 1.691517899256833379e+00
1.748407657455241626e+00 1.429829423064098881e+00 1.710334603812090570e+00
1.533975472686045949e+00 1.201503687356538785e+00 1.680951785260828446e+00
1.637924308088771541e+00 1.012049855132578724e+00 1.266668062520531546e+00
1.626720945808920238e+00 1.078371423294284703e+00 1.680534074877678030e+00
1.986103650672095933e+00 1.387934690773993784e+00 1.544484471072502973e+00
1.707517806892054013e+00 1.254952925571134026e+00 1.749591161831228536e+00
1.818208119025774394e+00 1.291228924708471171e+00 1.004325949988729372e+00
1.372859680659126447e+00 1.416323053655951902e+00 1.154498730815155749e+00
1.628548109343992190e+00 1.001603156693539720e+00 8.925109632275456395e-01
1.839190585319090188e+00 1.217131237665038723e+00 1.070983915631845029e+00
1.802345299822268432e+00 1.289218648098581887e+00 9.700197725219081857e-01
1.585378531517545264e+00 1.364795909252340733e+00 5.665716121110710990e-01
1.619102511777612108e+00 1.490353149426059343e+00 1.505794025248640366e+00
1.469075394593630124e+00 1.233589419874738136e+00 1.436309095639151989e+00
1.510046381726741771e+00 1.453972565838426823e+00 6.525259325439075608e-01
1.695583119179085552e+00 1.476357596097720215e+00 1.288474866433313881e+00
1.532421521550848542e+00 1.087988792858531228e+00 1.409067557166466811e+00
1.815058613462255721e+00 1.342079973825296202e+00 1.043138363545178748e+00
1.854245551503889367e+00 1.240536151169578272e+00 1.168817281870941027e+00
1.921557980561065859e+00 1.419040161318012139e+00 1.634477380753050824e+00
1.746163311302030952e+00 1.178648159181503896e+00 1.737348285679273907e+00
1.867200346891851659e+00 1.304623840919290512e+00 1.232990069550939261e+00
1.499139579388506505e+00 1.210060404264823308e+00 1.583372032932160334e+00
1.593711629246015393e+00 9.721326966071359710e-01 1.036508859391176651e+00
1.588923968561073430e+00 9.785840325300095843e-01 9.312938752794176489e-01
1.897744046483566427e+00 1.084632795317607590e+00 1.396519201818017919e+00
1.498903946740147264e+00 1.269908075869340625e+00 1.611191842101665106e+00
1.843793992952572403e+00 1.112903929095650390e+00 1.295387856953232442e+00
2.016945044827912259e+00 1.214000946470919162e+00 1.491194232746587689e+00
1.850333681087407589e+00 1.280970548287404975e+00 1.674096506639512372e+00
1.678080131132006825e+00 1.211489675410469147e+00 1.754553742262477067e+00
1.395834978689634687e+00 1.072947139321183796e+00 1.225430685558535959e+00
1.593055444468726156e+00 1.466929593079945304e+00 1.344483572032766139e+00
1.661176085677743997e+00 1.018087334142950606e+00 9.091635515143913215e-01
1.515040762101188099e+00 1.490918893514214361e+00 8.950535681386379006e-01
1.849080879172989800e+00 1.343658657279822144e+00 1.669412611591727824e+00
1.490468846136348890e+00 1.195908171061831116e+00 1.525542273416172545e+00
1.742032819294965007e+00 1.531895839550473148e+00 1.512908212413179632e+00
1.499969814480130115e+00 1.464924088507060906e+00 6.945798353024251748e-01
1.464640027540466738e+00 1.474202517070849483e+00 6.923625135904819539e-01
1.920274408351016815e+00 1.342666442586287312e+00 1.331220903175828640e+00
1.940467237917338661e+00 1.388242934316542332e+00 1.392139479717438233e+00
1.717419427818782873e+00 1.105978864140490625e+00 1.727550758607388826e+00
1.652582335918084899e+00 1.168048784907560922e+00 6.226818631723284314e-01
1.928643347916894957e+00 1.210955155141006934e+00 1.658726726799012230e+00
1.386424601785089417e+00 1.253874291914842454e+00 1.301314632717641695e+00
1.650979182326320682e+00 1.371589054437560851e+00 1.737943381319766001e+00
1.785008166801878682e+00 1.074921748310884384e+00 1.186603656354338510e+00
1.401488156630317894e+00 1.477777539665497075e+00 9.312166154119472239e-01
1.692927697488501249e+00 1.136012105306470676e+00 7.433781622160362534e-01
1.518026438003464929e+00 1.154738125285555750e+00 1.588100821076357194e+00
1.956993301274371211e+00 1.281049926287384899e+00 1.359896423423837097e+00
1.612803854558889860e+00 9.730719130097414959e-01 1.064779198078090294e+00
1.504271689509997012e+00 1.234429771070684634e+00 1.637453137998002406e+00
1.491321250554352273e+00 1.445613361287188869e+00 1.267172114743192690e+00
1.977070109108415519e+00 1.335999109539229623e+00 1.405850183909897577e+00
1.797438332691622787e+00 1.281727689755041588e+00 1.701912665499434096e+00
1.927148219092778447e+00 1.176931391714477249e+00 1.656353674345400151e+00
1.917890258605263298e+00 1.355924959405542918e+00 1.653608969993181965e+00
1.511004942005641949e+00 1.387100580114258630e+00 1.420272072265568397e+00
1.849592719562040299e+00 1.347207966521825506e+00 1.227467441522297031e+00
2.011755573552519660e+00 1.323317676754028671e+00 1.466529844018443329e+00
1.647330401775024322e+00 1.495577769009241331e+00 1.440929177258915228e+00
1.572102617936359525e+00 1.321213791410248417e+00 5.148146825131981741e-01
1.510075363291571993e+00 1.314333943903077007e+00 1.654868825064947035e+00
1.551974305437393120e+00 1.432286318146945625e+00 1.455740268058856479e+00
1.857205540173247682e+00 1.458672146220298727e+00 1.655597407023932544e+00
1.736976726918871394e+00 1.212509785042051202e+00 8.135640415182207041e-01
1.902470299047437363e+00 1.148369851183522528e+00 1.667891485313985900e+00
1.622599696630888211e+00 1.203691528240216524e+00 5.398259746970935913e-01
1.831340629167284462e+00 1.159826140034371678e+00 1.109170215025597983e+00
1.647351875393326948e+00 1.258826205832207501e+00 1.759869134879591401e+00
1.540674345220264696e+00 9.670044602543459433e-01 9.809174055240773571e-01
1.564426197020817089e+00 1.323234708786696023e+00 1.711662304940383406e+00
1.848158541841349978e+00 1.054256842801858829e+00 1.386601649742802200e+00
1.950539188885142217e+00 1.112228416633325168e+00 1.600194662991765160e+00
1.963602849139216788e+00 1.225339200029202047e+00 1.634410289375266778e+00
1.894999893977088901e+00 1.496826385315836117e+00 1.495768004038912524e+00
1.611731624361866677e+00 1.474045213257555220e+00 1.315398837962568512e+00
1.943632662957689661e+00 1.454214662952486359e+00 1.492892163897999946e+00
1.578325034132601168e+00 1.393659269767699493e+00 1.686937573587053096e+00
1.839784609861073950e+00 1.524950788312896766e+00 1.508790769574919866e+00
1.620695720670711326e+00 1.307022923396198077e+00 1.746083966339303517e+00
1.570142661196399336e+00 1.477722390170663980e+00 8.758853805030250017e-01
1.491223465524003533e+00 1.305796149785197979e+00 1.560532599221468253e+00
1.863193960786226677e+00 1.183817153829070268e+00 1.230801393633545349e+00
1.722342653610474006e+00 1.325166440725958905e+00 8.232324448531879169e-01
1.565154431929185019e+00 1.470606367977265183e+00 1.278004816059165494e+00
1.878198033071817541e+00 1.283886843379438369e+00 1.654516484485203387e+00
1.927315043756881563e+00 1.134983778125931098e+00 1.375417660429734346e+00
1.473202476214579226e+00 1.050483146036920834e+00 1.274623065417191059e+00
1.774000278716373558e+00 1.204247401129975970e+00 9.033114369663823862e-01
1.834893132917693626e+00 1.322130962047080915e+00 1.139637184394931335e+00
1.754613425991692566e+00 1.454606991865694976e+00 1.267206265608892490e+00
1.711302180147374674e+00 1.518102497598473599e+00 1.468206353039582801e+00
1.964819507198688919e+00 1.397231762691263146e+00 1.587771433364270512e+00
1.834232566626943450e+00 1.141055912203819966e+00 1.183435296762989752e+00
1.978630484382112087e+00 1.368798659945704710e+00 1.587768371472763729e+00
1.789442630680723623e+00 1.027909248663160025e+00 1.396905413805876739e+00
1.694178940782886000e+00 1.023963715983296607e+00 1.311668358053665218e+00
1.978499899205539370e+00 1.334878706063948206e+00 1.615726200604392426e+00
1.632183745974867373e+00 1.153085860351585223e+00 5.799388235795807089e-01
1.707450023358754843e+00 1.125748718314683039e+00 7.895565681690333015e-01
1.535476565447656094e+00 1.490147757187193278e+00 1.193884208635866084e+00
1.825817232360321452e+00 1.235021942887461810e+00 1.009312474171613072e+00
1.586820032492385346e+00 1.059704316700884164e+00 1.582808324378247367e+00
1.685222785477826113e+00 1.005404088982595034e+00 1.543210105734331927e+00
1.527034434249603390e+00 1.378112430876819117e+00 1.644323697220566816e+00
1.689143908673764960e+00 1.334362063550549982e+00 7.540964206992458729e-01
1.776998760346961470e+00 1.420658205559025111e+00 1.175913388426645723e+00
1.708457582922050522e+00 1.469881929411646082e+00 1.252129233222474491e+00
1.642682090810043238e+00 1.480509973561906722e+00 1.282883668118270482e+00
1.688639392514409421e+00 1.476236518996227431e+00 1.324285589522823825e+00
1.731873533848083513e+00 1.538283983055186210e+00 1.541502065622314621e+00
1.509268119174526079e+00 1.204601581449729508e+00 1.626567814522995370e+00
1.327324978508298114e+00 1.422226862241301681e+00 9.848789649555231840e-01
1.461044905846019981e+00 1.008481587456798056e+00 1.192418454512025550e+00
1.313661026035979118e+00 1.314761912502111940e+00 1.148533565049100202e+00
1.319548281858982097e+00 1.273968019533085139e+00 1.195784530852417982e+00
1.419700336972157251e+00 1.029742379672115460e+00 1.187776533602139084e+00
1.451855904917296103e+00 1.479327135128806425e+00 1.127691976484281877e+00
1.880505072907990405e+00 1.315048295504362752e+00 1.280229460846070255e+00
1.680834066536242899e+00 1.016091527474403344e+00 1.244993320310227913e+00
1.637628529114578235e+00 1.482019527099511125e+00 1.640566071453277042e+00
1.348039405563824955e+00 1.175772728913713872e+00 1.240974885991717125e+00
1.676959335383992444e+00 1.044722113159338939e+00 8.643145797872799907e-01
1.782145954152833722e+00 1.531416801867348410e+00 1.560756375546211494e+00
1.407825579051828147e+00 1.459236783231987467e+00 1.097030093819563401e+00
1.676308052363794321e+00 1.285863775125579034e+00 1.753268507171050317e+00
1.877463331155817317e+00 1.316822353788197120e+00 1.658721308024530217e+00
1.746173058914080256e+00 1.400439809431883731e+00 1.719070194531370888e+00
1.540550493942704602e+00 1.479667767344654328e+00 1.228566519723180761e+00
1.992996312575003204e+00 1.379779468123204067e+00 1.492945505363846515e+00
1.803856242972008861e+00 1.342017218194775818e+00 1.007649734701540289e+00
1.342053293813716852e+00 1.268232194318003714e+00 1.242726615442582450e+00
1.747577515164137063e+00 1.036084844956225659e+00 1.151199147374020404e+00
1.798077557921704539e+00 1.386874802672159568e+00 1.085593718527025464e+00
1.704001005666735180e+00 1.387189151538229304e+00 8.699091569583287109e-01
1.417309059445658548e+00 1.229141851398518615e+00 1.343920978791213638e+00
1.766898731549448875e+00 9.990535596156904230e-01 1.497724303370775667e+00
1.390220784192443437e+00 1.481006102423601645e+00 7.049761026805273501e-01
1.596627164259869947e+00 1.463231277991956736e+00 1.426839316441169458e+00
1.611158633099676329e+00 1.488208801437203466e+00 1.540686541293350587e+00
1.618319854009622860e+00 1.032357617159594732e+00 1.475764980311438324e+00
1.782175744260750205e+00 1.206442540078032311e+00 1.704585522611619774e+00
1.707355340010311640e+00 1.530718330217552881e+00 1.575935944626905449e+00
1.816646925149837832e+00 1.092722995279822529e+00 1.255799051898732310e+00
1.424847367182363600e+00 1.473879469089208527e+00 1.035593482648651031e+00
1.646339371728154921e+00 1.474246014747386591e+00 1.363299065279941491e+00
1.614419522543886210e+00 9.981097866304702304e-01 8.571653717782193871e-01
1.429911083109307590e+00 1.456924014651828081e+00 1.179179098476601517e+00
1.750832803426757067e+00 1.221695875086663108e+00 8.492061570927712522e-01
1.501758679030663401e+00 1.304962391955047485e+00 1.618329968995433576e+00
1.645310661519330031e+00 9.961744873627221830e-01 1.204886512542059585e+00
1.893348858190194939e+00 1.068577709701469702e+00 1.626546772712996525e+00
1.554978672258988892e+00 1.065311189571069184e+00 1.392520398393696457e+00
1.622105892461617627e+00 1.032723724212553318e+00 1.536528755811618296e+00
1.503207533856442124e+00 9.696184570886013931e-01 1.031569250749189370e+00
1.947531767552034720e+00 1.157984342492991647e+00 1.640993598530066766e+00
1.617505383519829865e+00 1.249018974430522455e+00 5.347872218819824663e-01
1.650328075053370647e+00 1.434482400089613918e+00 8.583852225554985393e-01
1.362896344852253749e+00 1.474622738490369178e+00 8.215143797419018901e-01
1.894400721212716077e+00 1.288503808514913862e+00 1.293404172220161019e+00
1.985026679815950157e+00 1.278728272966739521e+00 1.400218962525745736e+00
1.383309144281769987e+00 1.450827869566237105e+00 1.043590789911539085e+00
1.725896671273833949e+00 1.459129385891618336e+00 1.086226775525740651e+00
1.349655541600675246e+00 1.240170057633384948e+00 1.256268048414675098e+00
1.645598032306790470e+00 1.503846365682208308e+00 1.491519067745675331e+00
1.868657253051516864e+00 1.247707917316178916e+00 1.214334903036180746e+00
1.616470201777047366e+00 1.500577776786588879e+00 1.050034351363007712e+00
1.844348239298091885e+00 1.208991700116893053e+00 1.121507502849532045e+00
2.012299710776462636e+00 1.222010002085529123e+00 1.551282041088269503e+00
1.579347483172687916e+00 1.394947613159270405e+00 6.193836482490862050e-01
1.945788556242181944e+00 1.068572422178796666e+00 1.493530728781450101e+00
1.429042470674743548e+00 1.051721145077503472e+00 1.236479795231019363e+00
1.364125532818404984e+00 1.451909273029621916e+00 9.782560451483564012e-01
1.477584044407794783e+00 1.100718946825366862e+00 1.346460108620606944e+00
1.522306027147671381e+00 9.747583557979807578e-01 1.144354353985048700e+00
1.651243539805534066e+00 1.035680164797865954e+00 8.080716278959949594e-01
1.570679901040831439e+00 1.419454911016311938e+00 1.657770323366353660e+00
1.600149645595915882e+00 1.002334790112657137e+00 7.796135915950717088e-01
1.741244078435880693e+00 1.051769468098538995e+00 9.990698948926866052e-01
1.584641218356882542e+00 1.432456409614933035e+00 7.197629954907833749e-01
1.957325983523382718e+00 1.321587732787495639e+00 1.373093120719175442e+00
1.292987448318947630e+00 1.258255387732082342e+00 1.124392146866038278e+00
1.618110879560958004e+00 1.045056463366650146e+00 6.966800641320933796e-01
1.659719430124789508e+00 1.096223201591532970e+00 7.073281422842595534e-01
1.790915162016141204e+00 1.159002596292201925e+00 9.615083885102967409e-01
1.693744173635159500e+00 1.030146325775682437e+00 1.374685314895660815e+00
1.527221735527547253e+00 1.158225680708264926e+00 1.646390614345758729e+00
1.774114197477659083e+00 1.377445556072190325e+00 9.873417647557545251e-01
1.717394658191101708e+00 1.052468510951686476e+00 9.466261140085803216e-01
1.541602673168814386e+00 1.463319556577735714e+00 7.430885556108611789e-01
2.012237469988051419e+00 1.323644636578376055e+00 1.497300196686076834e+00
1.971434620809262128e+00 1.270477652427416837e+00 1.627953474452771054e+00
1.629481467607932110e+00 1.025635083509198742e+00 1.345801333699303326e+00
1.319442914168791781e+00 1.240320274601665718e+00 1.198520014374178544e+00
1.481863369789036655e+00 1.251688625928524479e+00 1.480789861199375723e+00
1.711497153076249722e+00 1.093357938855828326e+00 8.523171836785579103e-01
1.802302714191094779e+00 1.387751695778480121e+00 1.700911215067666626e+00
1.774673581669439226e+00 1.080090083246103339e+00 1.707039065544961653e+00
1.905843819269564809e+00 1.401346724934027232e+00 1.359117985033068354e+00
1.674951446799270327e+00 9.868496541257754107e-01 1.102976636813023603e+00
1.849407279449785335e+00 1.407258506454960090e+00 1.317420633142713404e+00
1.591680239671715791e+00 1.415705115322984042e+00 6.896733428953620848e-01
1.710569772653634191e+00 1.498609529627796588e+00 1.402529452659496911e+00
1.618319176240852642e+00 1.350525432766241041e+00 6.266193205248649090e-01
1.553525443111239746e+00 1.427946682728898686e+00 1.626477479768682732e+00
1.958228790671218800e+00 1.087050128915332925e+00 1.521656925675067162e+00
1.682697932389842999e+00 1.259690306863616938e+00 6.883074252620521305e-01
1.808689227868137239e+00 1.007030481341614658e+00 1.597507348857224674e+00
1.530329128411205941e+00 1.415005920450914889e+00 1.487319777684674715e+00
1.989856564464673072e+00 1.138200931464196763e+00 1.527030599840086822e+00
1.951237198055654209e+00 1.437520409563590063e+00 1.555101923246586582e+00
1.547882084548239279e+00 1.093566286385931452e+00 1.450157811705416133e+00
1.604438832706874818e+00 1.490019909033484913e+00 9.900209963918688016e-01
1.519517816785454833e+00 1.440709066044808306e+00 1.319719748661098535e+00
1.556039641897707160e+00 1.079895536771143139e+00 1.514560817385831371e+00
1.584301968614319822e+00 1.038255333531220570e+00 1.354845030415237295e+00
1.677131718590862075e+00 1.070200061143664394e+00 7.950570985413080161e-01
1.702243657563553336e+00 1.018121896399666992e+00 1.632856061568975781e+00
1.835169925546401570e+00 1.008326737105643023e+00 1.498620537028560351e+00
1.564635331880271263e+00 1.021158311024193965e+00 1.278948324109816959e+00
1.564834634198606356e+00 1.084123175804115435e+00 1.585666467117476275e+00
1.858578907808645209e+00 1.206032030889344409e+00 1.189892159506653391e+00
1.546421208304124217e+00 1.124122949973964003e+00 1.650715736270964351e+00
1.615779347951884937e+00 1.212234650964692628e+00 1.742828345251085764e+00
1.732590742361313829e+00 1.298674887463220129e+00 1.728294842687398303e+00
1.335750814566048827e+00 1.332196855965691373e+00 1.195516886445017635e+00
1.687443036415970266e+00 1.506907146349184767e+00 1.435606766813268376e+00
1.583175602200716403e+00 1.212078065728909859e+00 1.727380158002400634e+00
1.611781684392087133e+00 1.054359335918259921e+00 1.645142110499934640e+00
1.795765811440225068e+00 1.338099163359902866e+00 1.687657346617908116e+00
1.722415073294752297e+00 1.432144287804725025e+00 9.850356479096993301e-01
1.585003083163306403e+00 1.062395102475334641e+00 1.432441048048044951e+00
1.722297201813201006e+00 1.355329947991904982e+00 8.640829864434830254e-01
1.971827225436322717e+00 1.125544936572802746e+00 1.575780196567501346e+00
1.970481014338764769e+00 1.219060568506993958e+00 1.384355060799326465e+00
1.298843887914242767e+00 1.216462635967439532e+00 1.145384445123976080e+00
1.631135208602329634e+00 1.035710116417592808e+00 1.629190526202730194e+00
1.759832577175321600e+00 1.304736121683210071e+00 8.929818653203627221e-01
1.624369694883692539e+00 1.184965499634037522e+00 1.739268193005053753e+00
1.890008564215842846e+00 1.130055657329378516e+00 1.336777151197377389e+00
1.811668897875066575e+00 1.371831009135436874e+00 1.143454565689291380e+00
1.701091055208634462e+00 1.200146818743239807e+00 7.256184967806708075e-01
1.811683623020113876e+00 1.117607396476394177e+00 1.068334933988254631e+00
1.461461004295671717e+00 1.456835213629771308e+00 5.856342792826567667e-01
1.820175815744393688e+00 1.022629150266433085e+00 1.440457955520439981e+00
1.686788595135011892e+00 1.083935996472003005e+00 1.706812247134751548e+00
1.441168168142729522e+00 1.181331287724893597e+00 1.367826864032743339e+00
1.993522395335237229e+00 1.276468739821105647e+00 1.610561417115729421e+00
1.632258895119106157e+00 1.458908843787660947e+00 9.086514301358744605e-01
1.639112756050294051e+00 1.037280791561439930e+00 1.416009678413969741e+00
1.691216515094053685e+00 1.275484996145865191e+00 7.149782950801445436e-01
1.371706624453243428e+00 1.464036184513935357e+00 9.325083737751640456e-01
1.771438771046639271e+00 1.336591199608698544e+00 9.387840587366472755e-01
1.328310586554218853e+00 1.376319380713592055e+00 1.102488396096365175e+00
1.904471828903626873e+00 1.484122198543719851e+00 1.471703433055445043e+00
1.352509136208046803e+00 1.451369702788470439e+00 9.519220331035126437e-01
1.962679271411942983e+00 1.430884808351011506e+00 1.496526054156942953e+00
1.913095548336163576e+00 1.047094033959955928e+00 1.551239995921887438e+00
1.996920375087243071e+00 1.371876265521497995e+00 1.520281290301241262e+00
1.746754181979951692e+00 1.478711202385022849e+00 1.360541309376672725e+00
1.370510098507659702e+00 1.477929930258734093e+00 7.272424168487565677e-01
1.738440809278787524e+00 1.449926852133446520e+00 1.138657189232094025e+00
1.630541955637083928e+00 1.500736907810818144e+00 1.602427142718405140e+00
1.794824006646902115e+00 1.536602717949064667e+00 1.535511062952338079e+00
1.397427318349441006e+00 1.278160268653023790e+00 1.311892598047934566e+00
1.441347583989838421e+00 1.476391333932486782e+00 1.101064237854146644e+00
1.360501105204313221e+00 1.470336546692752711e+00 8.644878594610571065e-01
1.763867087905556463e+00 1.519432374071049585e+00 1.610758632527218959e+00
1.459260884134505609e+00 1.491831113978890899e+00 8.490696755164270915e-01
1.660866600274250260e+00 1.491756051268785743e+00 1.125631840524264460e+00
1.312550377992505402e+00 1.211472160111953134e+00 1.181330607730356252e+00
1.358601597282321327e+00 1.473745377817868629e+00 7.740795364275386836e-01
1.591239951731844293e+00 9.851449216665724151e-01 8.671578430316276842e-01
1.532167401074505886e+00 9.887174559864895240e-01 1.197303685838108978e+00
1.710884093749382107e+00 1.009911031710136964e+00 1.138341653616980365e+00
1.657729759755575794e+00 1.195402937236251351e+00 6.293828353382370233e-01
1.470364528646759705e+00 1.071476337785187471e+00 1.297137049773134265e+00
1.861767437885239129e+00 1.121527812523357870e+00 1.684733899261191992e+00
1.418450536697355213e+00 1.021344163556049178e+00 1.156337682085399221e+00
1.829985435616059641e+00 1.185333687696130678e+00 1.036089290030736132e+00
1.294440139238655307e+00 1.306531678992345125e+00 1.100108144581054992e+00
1.589292122608692015e+00 1.468864807932945826e+00 8.552241918256434650e-01
1.662522235896496836e+00 1.235992971752480907e+00 6.353908950095542574e-01
1.646532021134218704e+00 1.397480350190793086e+00 7.581185689619338586e-01
1.776807391845391271e+00 1.485219363764910483e+00 1.658753119861088088e+00
1.495788450271570813e+00 1.480876026975708637e+00 1.192947221012942149e+00
1.355299436125720458e+00 1.398086541642001412e+00 1.141979931634667711e+00
1.756171598750556617e+00 1.182629060521727560e+00 8.700075311409091183e-01
1.722427246310233029e+00 1.003515145961710431e+00 1.494088102171046151e+00
1.500794752994042858e+00 9.740957613746599186e-01 1.091234860572531939e+00
1.662436786152986512e+00 1.285019240688576758e+00 6.582319054031223748e-01
1.698392659692827600e+00 1.014633733878035349e+00 1.009532796320901760e+00
1.784554637896540896e+00 1.029211965642391924e+00 1.651162482491048911e+00
1.771877222212837166e+00 1.122497125798239459e+00 9.508963904565317371e-01
1.587407746327305746e+00 1.052465693568798599e+00 1.497103382287074957e+00
1.744729732766832297e+00 1.298432083386457325e+00 8.579446814898816775e-01
1.370794127570857945e+00 1.434194379191232382e+00 1.071118762514520428e+00
1.982983779577167427e+00 1.400148832818048250e+00 1.475358314160578610e+00
1.750103362928465467e+00 9.926996660856169941e-01 1.549668271681823084e+00
1.896546651435194963e+00 1.386973623621248208e+00 1.658660561243505693e+00
1.609545186100082237e+00 1.506255741079085109e+00 1.116787259193431137e+00
1.582333863083645209e+00 1.295398497794366888e+00 5.104803883569049017e-01
1.360076011041436050e+00 1.431686945600017191e+00 1.044046132806726535e+00
1.642344410653488573e+00 1.022309999798543645e+00 1.590797806007095527e+00
1.990607592182387808e+00 1.222395120979226313e+00 1.612343223205271903e+00
1.791097395169699347e+00 1.114297171194581049e+00 1.713812998896284245e+00
1.677366492768141315e+00 1.513611586137300735e+00 1.492825832658266849e+00
1.830617521107305912e+00 1.296142728791447762e+00 1.687644956042375854e+00
1.694819888789390827e+00 1.095458340440352840e+00 7.975062765420902755e-01
1.415810418959760675e+00 1.193524730795458622e+00 1.329915134358807594e+00
1.633721581509936405e+00 1.205116793154533905e+00 5.654205432905792250e-01
2.009645665140608717e+00 1.185859807157297663e+00 1.469788902826739019e+00
1.815051857446099870e+00 9.941823456040040918e-01 1.546436840012226810e+00
1.607613438170212961e+00 1.501174150161858956e+00 1.151418873950398325e+00
1.456886414347821290e+00 1.487357910277014028e+00 9.674195073566327352e-01
1.567177756323655524e+00 1.369474500525827976e+00 5.438179575220180029e-01
1.514931718756472145e+00 1.467943594196379431e+00 7.297195531264888402e-01
1.874465757393999565e+00 1.204189080108786669e+00 1.246109971194338639e+00
1.947765840469679155e+00 1.121694868027421021e+00 1.419365655145770067e+00
1.417649729281253768e+00 1.256819645512610828e+00 1.341905817560501646e+00
1.938789634634508818e+00 1.456940522437251140e+00 1.465763989693033009e+00
1.804447165308030732e+00 1.069038351763035299e+00 1.326034868464567751e+00
1.368401451535800062e+00 1.419624044420942255e+00 1.125031790115204711e+00
1.694153040385307785e+00 1.006770427416533442e+00 1.176058985526917233e+00
1.668250638191783208e+00 1.026151137895139120e+00 1.350657363141476219e+00
1.853962462826234781e+00 1.515706907488177269e+00 1.530696517912009558e+00
1.928887700979540876e+00 1.445148451737802375e+00 1.439541568898496049e+00
1.801664188527062782e+00 1.428437935597821840e+00 1.284603942087148898e+00
1.976100549382760141e+00 1.141691807114535440e+00 1.438142253809718829e+00
1.671893119573480746e+00 1.127552466651558172e+00 7.005951375463443931e-01
1.876422810537943908e+00 1.168161461715818694e+00 1.291262906089173823e+00
1.693510631602431094e+00 1.002815052127550510e+00 1.047924468997978087e+00
1.709600654539532805e+00 1.221583205348235168e+00 7.415917296745718756e-01
1.692726651761947698e+00 1.043657957851356066e+00 1.672685347243983545e+00
1.740767511166178005e+00 1.427754438740046927e+00 1.008808334946454943e+00
1.537699905307677861e+00 1.418573506783018745e+00 1.407742133272189111e+00
1.447460660209572758e+00 1.380293376651287707e+00 1.310892497461451311e+00
1.472365355154663824e+00 1.337359927555415551e+00 1.407881296637419677e+00
1.643507143194696374e+00 1.412942172274961328e+00 1.711978619022111126e+00
1.410496869640393003e+00 1.471527805702062874e+00 9.914035730658050660e-01
1.363276168898388541e+00 1.100693267688823918e+00 1.207210543584006590e+00
1.821634316049789426e+00 1.242265348309002038e+00 1.692232286639556049e+00
1.917111620488238133e+00 1.468799963424768373e+00 1.566517708351966798e+00
1.837914972299754091e+00 1.282142668705926525e+00 1.083777870089116080e+00
1.675718778323520564e+00 1.433790952449983003e+00 1.706448091589584548e+00
1.681113637108444081e+00 1.458769468939522085e+00 1.687363964267843075e+00
1.719144689906834111e+00 9.931594236373123552e-01 1.579461665838099771e+00
1.765472137057095381e+00 1.046740406335839424e+00 1.343500679381408380e+00
1.842176964981198317e+00 1.338454308287319705e+00 1.189835986075891583e+00
1.675963510480793062e+00 1.315624650956999986e+00 1.750682554482951625e+00
2.019325282799978805e+00 1.263386269716193944e+00 1.491907352716452584e+00
1.807865267429017209e+00 1.105429522881758331e+00 1.152682570471188939e+00
1.581715756475856605e+00 1.502806926267784560e+00 1.160087510190777049e+00
1.412437405849607863e+00 1.350586398753538031e+00 1.296325754334857638e+00
1.432590767635742779e+00 1.423857809739550007e+00 1.241099862923808583e+00
1.736623152858563834e+00 1.037015783190300855e+00 1.352415329830538360e+00
1.534857994441798379e+00 1.408853645151232348e+00 5.577260408186184293e-01
1.852820683750449726e+00 1.135927163561563535e+00 1.269428546127506330e+00
1.810037343616243133e+00 1.132188571656408627e+00 1.026885492612096717e+00
1.894703436361429905e+00 1.460973500121630408e+00 1.422055713518780573e+00
1.513592694816922268e+00 1.364983341801957240e+00 1.588923293298050821e+00
1.723289635480245829e+00 1.026328273199109020e+00 1.190289694445476387e+00
1.857115446772824807e+00 1.024565659036069443e+00 1.474522976384099016e+00
1.766715340691257019e+00 1.015620218270338881e+00 1.631957393469855688e+00
1.932271960492339735e+00 1.267871997514611992e+00 1.326269411756877403e+00
1.687905314743227247e+00 1.341402958554465341e+00 1.745176655731962789e+00
1.669023567555447007e+00 1.029688765971874309e+00 1.406571511876975045e+00
1.802549507060634548e+00 1.520411068550458822e+00 1.475701078861457960e+00
1.477927199868240393e+00 1.424952738539482455e+00 1.286456585298236144e+00
1.898364588878038939e+00 1.071341916697332142e+00 1.422181945490806232e+00
1.688958963762717813e+00 1.476399314981611477e+00 1.165936393813820304e+00
1.894260039184301636e+00 1.456586812329496494e+00 1.621781941911067282e+00
1.772868860078700148e+00 1.419573360825118424e+00 1.113686405139033164e+00
1.488288936823464859e+00 1.316278362090485432e+00 1.479780519382952297e+00
1.672993251123274128e+00 1.349928165458308627e+00 7.391469752342629818e-01
1.837309727135631787e+00 1.412381952404626606e+00 1.682440503207580651e+00
2.002899098060461291e+00 1.271121238772211282e+00 1.584435605617632525e+00
1.342123609143167196e+00 1.463730139749009673e+00 8.413014153729200251e-01
1.511909928641876233e+00 1.375391387031615897e+00 1.547481788104228873e+00
1.584393375241638813e+00 1.380431598766303836e+00 5.971598093160401799e-01
1.651840445197415796e+00 9.916804355450312691e-01 1.009059682606089803e+00
1.645063600850926067e+00 1.363711811210816860e+00 6.980563519347224855e-01
1.785150599527230098e+00 1.257970744150709086e+00 1.698886869056186688e+00
1.702940326594782894e+00 1.228482300760555201e+00 1.750414726714297320e+00
1.349344281808858570e+00 1.293760527929006088e+00 1.248125301079977545e+00
1.656858485373453371e+00 1.419527785530711128e+00 8.329105387696054130e-01
1.524593672096259844e+00 1.285690125744975765e+00 1.678713161169167467e+00
1.556393394767107141e+00 1.442775464523671447e+00 1.483481843707684655e+00
1.908435813505160450e+00 1.044430967398818799e+00 1.482959250054524336e+00
1.655881328601950697e+00 1.449015332592614724e+00 9.181410158760362483e-01
1.469099888506250728e+00 1.177640176988219434e+00 1.414116757593061768e+00
1.471847965821595272e+00 1.285823873794071259e+00 1.437105715128493388e+00
1.595636595274804614e+00 1.352006559355287241e+00 1.720781908030317719e+00
1.788363742424209368e+00 1.403254609006485687e+00 1.141753272691325982e+00
1.322701939203995813e+00 1.391675416250497621e+00 1.052119688739595604e+00
1.998929258754070126e+00 1.307791952987711337e+00 1.583619397965336795e+00
1.612360837846437356e+00 1.495691659561105835e+00 1.024431003030567666e+00
1.504523931210329346e+00 1.183952147577147285e+00 1.581810944217987958e+00
1.799469698177364574e+00 1.215908577606324537e+00 9.547664116418587144e-01
1.801285510368069387e+00 1.097207310107510381e+00 1.094649192914547209e+00
1.771132878832467394e+00 1.054408520868904464e+00 1.257604207393818507e+00
1.671902666082719868e+00 1.476323515322583102e+00 1.017702412468409534e+00
1.659382694148336501e+00 1.015456572409668912e+00 1.281376308713241707e+00
1.423345712315787770e+00 1.469377590723810245e+00 1.077941181382620739e+00
1.488566886279580226e+00 1.488309241043014541e+00 8.126048205333522567e-01
1.577394801312422823e+00 1.252557590901967055e+00 1.728842506749693086e+00
1.716355357982052077e+00 1.450377937808190021e+00 1.014478720031326109e+00
1.516182763375214071e+00 9.698781149237005739e-01 1.064460349740304235e+00
1.596251492975361952e+00 1.482338973864269382e+00 1.238386357079602984e+00
1.714424574702684501e+00 1.475613108176681898e+00 1.350981431146269118e+00
1.808174755278799228e+00 1.451340128194839929e+00 1.682684146263338620e+00
1.538357308938433254e+00 1.106288688753590987e+00 1.550895850888865057e+00
1.617616826443107891e+00 1.297375345777708633e+00 5.571105619865793779e-01
1.553426032859698935e+00 1.266870894680810711e+00 1.709447392833607582e+00
1.829092510431677310e+00 1.088261277360567991e+00 1.326132840586767614e+00
1.894630314300498330e+00 1.256908093298732654e+00 1.656286869435656950e+00
1.538414188863985732e+00 1.225070615699502374e+00 1.691321847628332709e+00
1.999507600563705800e+00 1.153529708471187520e+00 1.506330734308844121e+00
1.416373403484193494e+00 1.486968618564020739e+00 8.189234383252663729e-01
1.859768395181510492e+00 1.364794869117398557e+00 1.285859459726212073e+00
1.860396781234673336e+00 1.295061446225746371e+00 1.204925319548359131e+00
1.650343644566762080e+00 1.318877025656328250e+00 1.754848064883516523e+00
1.998948473826006600e+00 1.246867793626995624e+00 1.422769026574487672e+00
1.915068262154187906e+00 1.142948851855100978e+00 1.349714518602389335e+00
1.527480810692570135e+00 1.408123861331511462e+00 1.512828430853498940e+00
1.947479962096396733e+00 1.092132460080221357e+00 1.453170582075820949e+00
1.517218992986961057e+00 1.361000562771226940e+00 1.618617527320170391e+00
1.310158574715592161e+00 1.348988702354670943e+00 1.101346564797435867e+00
1.820992217017603165e+00 1.342242637902730351e+00 1.677738611058679385e+00
1.410449578956096239e+00 1.482320847159902977e+00 7.348420990600269542e-01
1.774762493890216231e+00 1.003723260703939246e+00 1.603094140300811432e+00
1.538443455419059580e+00 9.677314850421427916e-01 1.009756165525982574e+00
1.501691448655157135e+00 1.365205471419292493e+00 1.496398820579956324e+00
1.840928183847226896e+00 1.296773623285480070e+00 1.139531796693191934e+00
1.616138162186145921e+00 1.340227118395382222e+00 1.734702740553695666e+00
1.544667659167621387e+00 1.444569161345048647e+00 1.351593517740076411e+00
1.510848022009313674e+00 1.458193728700951430e+00 1.256000006788144940e+00
1.439341469362259041e+00 1.083601798816938855e+00 1.281932315672985601e+00
1.913705993119997339e+00 1.192014242574462868e+00 1.322018282502351427e+00
1.794611533727389352e+00 1.008945508431943638e+00 1.472024010271252958e+00
1.964309195371285011e+00 1.101881732094661670e+00 1.561763719029462871e+00
1.743428407944058511e+00 1.516568780983127196e+00 1.455517918882921480e+00
1.722544008298558804e+00 1.183103418424158892e+00 7.798614495037611283e-01
1.843926293929829541e+00 1.040171203327211691e+00 1.416410956843511038e+00
1.970973094792355162e+00 1.304052232274583778e+00 1.625403313771065061e+00
1.651474151951179747e+00 1.066732424588017203e+00 1.682597213068153907e+00
1.599849986277801728e+00 1.471715863177332828e+00 8.959497778774495602e-01
1.413031303693069063e+00 1.486192244576950872e+00 7.875320303829460578e-01
1.902331460348352321e+00 1.322014602622101576e+00 1.656665867104875955e+00
1.540395695340866400e+00 1.008493007674018838e+00 1.243881169182773139e+00
2.003256740580276141e+00 1.330413317570149800e+00 1.556171830700120218e+00
1.590168301864974598e+00 1.065348048192394703e+00 1.636353377066346537e+00
1.515934235675441499e+00 1.023711654429402929e+00 1.262942417601469636e+00
1.761467002822286299e+00 1.325352781372540534e+00 1.707893107548635658e+00
1.704773460458315792e+00 1.485324713748588099e+00 1.376197938258506781e+00
1.844518033799590118e+00 1.259345993875166991e+00 1.109023395593133232e+00
1.730976746955102952e+00 1.280893560790879571e+00 8.123674754714697022e-01
1.583811936813119381e+00 1.467415495442431217e+00 1.553764512544728582e+00
1.926093352088357857e+00 1.063978123765877415e+00 1.578341807586470802e+00
1.656219755809935856e+00 9.872853807456550834e-01 1.038682174282030468e+00
1.557287967022629394e+00 9.680680782956990749e-01 1.091251446864997865e+00
1.416482759495293786e+00 1.284902028955218212e+00 1.335704067018412378e+00
1.854047541983151914e+00 1.232370941868762726e+00 1.660474856408406197e+00
1.970716927029101839e+00 1.420744161778072723e+00 1.463519616445154048e+00
1.459602403702675133e+00 9.849658481341341254e-01 1.077016384251914261e+00
1.584446999825547264e+00 1.484446726056498411e+00 9.430651917667733919e-01
1.650332653158790741e+00 1.480642185104423136e+00 1.247320495358318349e+00
1.308100587069917387e+00 1.410255740040677441e+00 9.735195095813049537e-01
1.848621393438387495e+00 1.222797571231773794e+00 1.151552802049475188e+00
1.415551491381623617e+00 1.084027497726433475e+00 1.260585816956138139e+00
1.583249800188003986e+00 9.974952307098182702e-01 1.230285465691304925e+00
2.016715895548404358e+00 1.250931044510355861e+00 1.540315491063920517e+00
1.760749085522782309e+00 1.368259072413774646e+00 1.719578920391557908e+00
1.645629088504204862e+00 1.336492243652453560e+00 6.681245713385972618e-01
1.558351511464802330e+00 1.040877544095668572e+00 1.338480163797910460e+00
1.485496798638983762e+00 1.414484825698823389e+00 1.320180900694077897e+00
1.663460730261682841e+00 1.049220316194232616e+00 1.665446948411948069e+00
1.940700985378737808e+00 1.425611581372151493e+00 1.428325957119447764e+00
1.464630963040487455e+00 9.974620608326328908e-01 1.168770976233795444e+00
1.612162540351632201e+00 1.465443663199113233e+00 1.395336787433017145e+00
1.592938546015290946e+00 1.473245569213777584e+00 1.610951144478437236e+00
1.771719946340122531e+00 1.298921277143216813e+00 1.691137418662758796e+00
1.519880608145879552e+00 1.389402969757434603e+00 1.450929931726893996e+00
1.877134966833694740e+00 1.070517748763632149e+00 1.646743866539526646e+00
1.639861348006447006e+00 1.003600716021426642e+00 9.191467275849020124e-01
1.387790838726139508e+00 1.413082339823254596e+00 1.200580737786373753e+00
1.400450262781333999e+00 1.161864350122716161e+00 1.301579729435708987e+00
1.307897064594383263e+00 1.384223115187673381e+00 1.026841502377078719e+00
1.471741757921453342e+00 1.396165058546759319e+00 1.332169330811751262e+00
1.556891156881869742e+00 1.491051130763509258e+00 9.436740894361203003e-01
1.488930010424563521e+00 1.202359078531330949e+00 1.485036534064790859e+00
1.828775334085983584e+00 1.507029026371465852e+00 1.455028330836058093e+00
1.642000047726460910e+00 1.125976762787819885e+00 1.722336631718743183e+00
1.483055884826942394e+00 1.290998758150640136e+00 1.467062870543661246e+00
1.674555989118781785e+00 1.089357593364137733e+00 7.542153426812535644e-01
1.860628075527335890e+00 1.440274800232450803e+00 1.356154406875508922e+00
1.800122202542056460e+00 1.020516101943880205e+00 1.425680926821879524e+00
1.751485468560529668e+00 1.010688833425698485e+00 1.437596644654103528e+00
1.384945996803306878e+00 1.126777608676859055e+00 1.262079811813766161e+00
1.666671945493290563e+00 1.477421879701903640e+00 1.341921930729200962e+00
1.599575242245715012e+00 1.389512515963450490e+00 6.533263005036245019e-01
1.730617883529278256e+00 1.202339391406780367e+00 1.742614156241558687e+00
1.593931918358501454e+00 9.711610129912490175e-01 1.142024117331364996e+00
1.637908257346206931e+00 1.077145383887206931e+00 6.865133149717511651e-01
1.643221708506209744e+00 1.053517256047854511e+00 7.377899982389696243e-01
1.637178546655000178e+00 9.779618269882379700e-01 1.066378619097664293e+00
1.522182905123233398e+00 1.389590121161332403e+00 5.286055653744846650e-01
1.533594795209061612e+00 1.314044361563734276e+00 1.684325110725895636e+00
1.848459945956194783e+00 1.176130532892423419e+00 1.186413492449055251e+00
1.936192387596314513e+00 1.364820806527743180e+00 1.639198571989094466e+00
1.544691882689992468e+00 1.451537730192322240e+00 1.324040052573681514e+00
1.753089893037098168e+00 1.493804504147614898e+00 1.386162235997463688e+00
1.759556783007822922e+00 1.227147368163437280e+00 1.713800218830303423e+00
1.584425029039885802e+00 1.123221496174531486e+00 1.689452602434843742e+00
1.526063336525351088e+00 1.503284518405263448e+00 1.129193451360128275e+00
1.866432318598340911e+00 1.181691652688983796e+00 1.680045506531454125e+00
1.784569251377437826e+00 1.428358141963614880e+00 1.228240923454347877e+00
1.501045066287301610e+00 1.319325037566533299e+00 1.597129781028559847e+00
1.913186081460573229e+00 1.111057532970112005e+00 1.654279906437007730e+00
1.826882434444820680e+00 1.514189996708789288e+00 1.589621321884879812e+00
1.975805272236575094e+00 1.108411770488997528e+00 1.479082709825892072e+00
1.662686673987650465e+00 1.028689241227251250e+00 8.766151138493384343e-01
1.462504781112287322e+00 1.136928659828034371e+00 1.366522841687457301e+00
1.704210606300695874e+00 1.263029838678815686e+00 7.363296290464335092e-01
2.004944348706731994e+00 1.233321310110564450e+00 1.577058845190642655e+00
1.853884559180514646e+00 1.285259336930666407e+00 1.176850167170138350e+00
1.307430556208128536e+00 1.367655236798430041e+00 1.054839081187616268e+00
1.959424167092715496e+00 1.245692282277117036e+00 1.366531491247414021e+00
1.854730227470070991e+00 1.143956578262806278e+00 1.692531274042460954e+00
1.675598784473888658e+00 1.455217993502846641e+00 9.651694578659942847e-01
1.705364067435108266e+00 1.473469246902362251e+00 1.101234667733189010e+00
1.404716742680400365e+00 1.327620939923697119e+00 1.299953827338369505e+00
1.562975377558554424e+00 1.075399487912857222e+00 1.462580616820133850e+00
1.824403251700168926e+00 1.136846521011626754e+00 1.117950293289222019e+00
1.781737132005395186e+00 1.493811804489336925e+00 1.396649396079371996e+00
1.652273674052151087e+00 9.796379657169377309e-01 1.085831089365886015e+00
1.367549798281005646e+00 1.121154156713461747e+00 1.235750270579911048e+00
1.449611843499051922e+00 1.158463604052994977e+00 1.365929931649828122e+00
