1.516463933512568474e-03 3.397090137004852295e-01 6.690661311149597168e-01
7.248348593711853027e-01 4.113105311989784241e-02 2.385906130075454712e-01
-1.240533590316772461e-02 -5.872124806046485901e-02 2.514121830463409424e-01
4.807053208351135254e-01 -7.092773169279098511e-02 -1.226224750280380249e-01
2.909807264804840088e-01 4.224861040711402893e-02 6.120620965957641602e-01
-2.834775745868682861e-01 4.282037913799285889e-02 6.022726893424987793e-01
1.827770769596099854e-01 -5.577575415372848511e-02 -5.625652149319648743e-03
1.076012197881937027e-02 8.542611449956893921e-02 5.136479139328002930e-01
-8.267273753881454468e-02 -1.202214658260345459e-01 -9.947434067726135254e-02
4.481315910816192627e-01 -2.031718567013740540e-02 1.472802311182022095e-01
-2.137177065014839172e-02 8.864016830921173096e-02 3.968300670385360718e-02
2.879486083984375000e-01 -9.865004569292068481e-02 -2.643961012363433838e-01
-2.224018424749374390e-01 -5.969152972102165222e-02 5.579660460352897644e-02
6.200965642929077148e-01 1.887696608901023865e-02 8.525156974792480469e-02
8.840483496896922588e-04 1.028478518128395081e-01 3.305940032005310059e-01
-1.801550970412790775e-03 2.610469460487365723e-01 5.101826190948486328e-01
8.938752114772796631e-02 -1.136374175548553467e-01 -1.429221332073211670e-01
3.589870333671569824e-01 -2.466612309217453003e-02 -5.625652149319648743e-03
-1.525762677192687988e-01 3.476705029606819153e-02 4.808142781257629395e-01
1.812386326491832733e-02 -7.413312792778015137e-02 8.291249722242355347e-02
1.708218157291412354e-01 3.248862177133560181e-02 5.014327764511108398e-01
5.993257090449333191e-02 6.078790500760078430e-02 1.715372502803802490e-01
2.980548888444900513e-03 -3.058310411870479584e-02 4.109020829200744629e-01
2.326772361993789673e-01 -2.041248045861721039e-02 -1.448808908462524414e-01
7.266750186681747437e-02 2.870972268283367157e-02 -6.554049253463745117e-02
5.014103651046752930e-01 6.356876343488693237e-03 -5.143415764905512333e-04
-6.967789679765701294e-02 1.182337105274200439e-02 1.456342339515686035e-01
3.006535116583108902e-03 2.433652803301811218e-02 6.299083232879638672e-01
-6.921008229255676270e-02 -2.271730045322328806e-04 -4.244434460997581482e-02
3.227956593036651611e-02 -1.119047701358795166e-01 -3.404101729393005371e-02
7.422688603401184082e-02 1.181470695883035660e-02 -1.896498203277587891e-01
-1.630587726831436157e-01 3.426371514797210693e-02 6.001068949699401855e-01
2.660006750375032425e-03 1.838576495647430420e-01 6.010598540306091309e-01
-4.235917702317237854e-03 1.751078069210052490e-01 4.281418621540069580e-01
1.629382967948913574e-01 -3.089498355984687805e-02 -2.475028187036514282e-01
3.455590009689331055e-01 -1.371581014245748520e-02 -1.172512769699096680e-01
7.431352138519287109e-02 1.591241173446178436e-02 4.747991263866424561e-02
3.093467652797698975e-01 -4.097031056880950928e-02 9.313509613275527954e-02
6.443744897842407227e-02 2.545668371021747589e-02 2.820799648761749268e-01
-5.887832865118980408e-02 4.636364057660102844e-02 2.558303773403167725e-01
-9.667756967246532440e-03 -7.785831391811370850e-02 -1.779024899005889893e-01
9.415230154991149902e-02 3.188826143741607666e-02 4.268424212932586670e-01
6.237351298332214355e-01 9.718206711113452911e-03 1.917225569486618042e-01
-1.376495361328125000e-01 -7.560586929321289062e-02 -1.004389300942420959e-02
1.868487745523452759e-01 3.606306761503219604e-02 6.086834669113159180e-01
-6.821381300687789917e-02 3.206585720181465149e-02 5.484740734100341797e-01
5.984593927860260010e-02 -7.240048050880432129e-02 -2.507948577404022217e-01
-3.073671460151672363e-02 6.256386637687683105e-02 4.234637320041656494e-01
2.969583570957183838e-01 -9.336546808481216431e-02 -1.657739728689193726e-01
4.444063901901245117e-01 -7.014804333448410034e-02 -2.737033367156982422e-02
1.473444849252700806e-01 -4.213984683156013489e-02 -1.002713516354560852e-01
-8.659238228574395180e-04 9.314504265785217285e-02 -6.697858870029449463e-02
2.730478346347808838e-01 -3.679463267326354980e-02 -5.063108727335929871e-02
9.640473872423171997e-02 3.204419836401939392e-02 5.645876526832580566e-01
5.424740314483642578e-01 2.605700865387916565e-03 1.391367912292480469e-01
6.218500807881355286e-02 -3.170065954327583313e-02 1.984798759222030640e-01
-6.209758296608924866e-02 -2.567105740308761597e-02 5.839556083083152771e-02
7.831951603293418884e-03 2.776803672313690186e-01 5.994138121604919434e-01
-5.165926367044448853e-02 1.999798603355884552e-02 3.456679880619049072e-01
1.601003110408782959e-02 -4.922639112919569016e-03 5.048980712890625000e-01
-2.132845483720302582e-02 8.850155025720596313e-02 1.419090181589126587e-01
4.288991987705230713e-01 -6.733252201229333878e-03 5.129173025488853455e-02
6.993650197982788086e-01 2.250252477824687958e-02 1.452010571956634521e-01
-4.642147943377494812e-02 -1.028083860874176025e-01 5.116745363920927048e-03
-2.259328588843345642e-02 -6.598970293998718262e-02 1.603617072105407715e-01
1.490114349871873856e-02 9.134308993816375732e-02 2.399767041206359863e-01
1.292592473328113556e-02 1.714692413806915283e-01 5.133879780769348145e-01
1.864365115761756897e-02 -4.330938309431076050e-02 3.292945325374603271e-01
6.452407687902450562e-02 -3.732309117913246155e-02 -1.201187968254089355e-01
4.667784273624420166e-02 7.537677139043807983e-02 -1.446790248155593872e-01
1.018625721335411072e-01 -6.988813728094100952e-02 -1.359581016004085541e-02
4.155578613281250000e-01 -3.328606951981782913e-03 -6.425833702087402344e-02
-2.146049588918685913e-01 3.834149613976478577e-02 5.333133935928344727e-01
2.575406730175018311e-01 -4.071040824055671692e-02 3.049999102950096130e-02
-4.721058532595634460e-03 -8.444235473871231079e-02 -9.955231100320816040e-02
4.893027991056442261e-02 7.413792610168457031e-02 9.521427750587463379e-02
6.963537633419036865e-02 -1.898304745554924011e-02 1.170455813407897949e-01
1.132113859057426453e-01 -5.540323257446289062e-02 -1.894419044256210327e-01
2.779859006404876709e-01 -3.422166034579277039e-02 -2.221888899803161621e-01
5.248220264911651611e-02 7.009220868349075317e-02 -2.940046135336160660e-03
5.343515425920486450e-02 2.406450361013412476e-02 3.619548678398132324e-01
-6.900216639041900635e-02 2.380807325243949890e-02 -1.160384118556976318e-01
2.434196323156356812e-01 4.062858596444129944e-02 5.531522035598754883e-01
3.833306729793548584e-01 -3.078235685825347900e-02 1.097684800624847412e-01
5.546892285346984863e-01 2.519069006666541100e-03 5.181151628494262695e-02
-6.150848418474197388e-02 -2.022188901901245117e-02 2.105217427015304565e-01
-7.032763957977294922e-02 2.701173163950443268e-02 4.767425656318664551e-01
-6.151714548468589783e-02 4.904057458043098450e-02 8.429861068725585938e-02
4.875492751598358154e-01 -2.718712016940116882e-02 -6.429298967123031616e-02
6.677651405334472656e-02 4.778440669178962708e-02 -2.550398409366607666e-01
-6.528564542531967163e-02 4.010013118386268616e-02 1.481956429779529572e-02
1.574147492647171021e-02 1.081757247447967529e-01 3.979938626289367676e-01
8.817467838525772095e-02 3.593311831355094910e-02 4.951952397823333740e-01
4.857299923896789551e-01 -8.405256085097789764e-03 8.837033063173294067e-02
2.015105448663234711e-02 4.378199577331542969e-02 5.659737586975097656e-01
-1.333737396635115147e-03 1.226952970027923584e-01 5.685727596282958984e-01
-7.899952679872512817e-02 -6.365063041448593140e-02 -6.308880448341369629e-02
2.067741900682449341e-01 -3.363256156444549561e-02 -7.345867902040481567e-02
1.078401878476142883e-01 -3.927231580018997192e-02 -2.818091809749603271e-01
3.294663503766059875e-02 5.542537197470664978e-02 4.601092040538787842e-01
7.110812515020370483e-02 -1.237301062792539597e-02 -1.376907713711261749e-02
4.165317118167877197e-02 -7.872463762760162354e-02 2.123034186661243439e-02
2.784190475940704346e-01 -6.971488147974014282e-02 -1.065002158284187317e-01
-4.707901924848556519e-02 -2.360054664313793182e-02 2.929956316947937012e-01
-1.319404840469360352e-01 3.798630088567733765e-02 5.421499013900756836e-01
1.823439002037048340e-01 -2.533319033682346344e-02 -1.836288869380950928e-01
9.100378374569118023e-04 3.402287960052490234e-01 5.996736884117126465e-01
4.572488367557525635e-02 -3.892578929662704468e-02 2.643203735351562500e-01
-5.448174104094505310e-02 6.176684796810150146e-02 -5.879184231162071228e-02
-4.336769133806228638e-02 7.446713000535964966e-02 1.988264173269271851e-01
1.106124296784400940e-01 -1.068801060318946838e-01 -8.532729744911193848e-02
1.113264262676239014e-02 9.228738397359848022e-02 -1.937388628721237183e-01
-2.216221839189529419e-01 3.773507103323936462e-02 6.158739328384399414e-01
2.929732501506805420e-01 -2.649406343698501587e-02 -1.483868956565856934e-01
4.445796906948089600e-01 -1.145470794290304184e-02 -9.697358123958110809e-03
-1.100189518183469772e-02 1.182770505547523499e-01 4.684258997440338135e-01
-5.045074597001075745e-02 -6.607632339000701904e-02 1.073427870869636536e-01
5.551433190703392029e-02 -8.409583568572998047e-02 -8.327411115169525146e-02
-3.554480150341987610e-02 -1.064469367265701294e-01 -5.354193225502967834e-02
3.346433639526367188e-01 -1.029383763670921326e-02 -5.889580026268959045e-02
2.506101131439208984e-01 -8.504877984523773193e-02 -2.102076560258865356e-01
3.177500665187835693e-01 -3.718448057770729065e-02 3.526476770639419556e-02
6.836846470832824707e-01 2.002570778131484985e-02 2.028114944696426392e-01
4.651115238666534424e-01 -5.370524525642395020e-02 2.504215948283672333e-02
4.340105652809143066e-01 -5.712721869349479675e-02 -8.330010622739791870e-02
-6.018994376063346863e-02 -4.134282469749450684e-02 2.517786109820008278e-03
-4.037021845579147339e-02 6.828159093856811523e-02 3.089359402656555176e-01
-3.395943343639373779e-02 5.984358489513397217e-03 4.368051290512084961e-01
1.469979584217071533e-01 -7.084109634160995483e-02 3.725730255246162415e-02
5.222230032086372375e-02 -7.811821252107620239e-02 -1.692046076059341431e-01
6.651661545038223267e-02 4.359140619635581970e-02 2.273284047842025757e-01
-5.414115265011787415e-03 2.184239029884338379e-01 5.555779337882995605e-01
-5.388571321964263916e-02 -7.837809622287750244e-02 -1.336784660816192627e-01
3.862104564905166626e-02 7.528147846460342407e-02 2.977603673934936523e-01
-2.516626380383968353e-02 3.653954342007637024e-02 5.100959539413452148e-01
1.501376368105411530e-02 -6.694264709949493408e-02 2.024649530649185181e-01
1.528023183345794678e-01 -7.248710840940475464e-02 -5.026723444461822510e-02
1.547082364559173584e-01 3.760512173175811768e-02 5.625085234642028809e-01
-8.409350365400314331e-02 3.011923097074031830e-02 4.223375320434570312e-01
6.038097143173217773e-01 6.712068337947130203e-03 1.375774145126342773e-01
-5.812622606754302979e-03 2.079413980245590210e-01 4.733639061450958252e-01
-1.810782849788665771e-01 -5.463220551609992981e-02 1.819821260869503021e-02
4.026705771684646606e-02 8.020214736461639404e-03 4.315205812454223633e-01
3.223119303584098816e-03 3.027170598506927490e-01 5.468280315399169922e-01
3.725016415119171143e-01 -2.483072504401206970e-02 4.765316471457481384e-02
4.893027991056442261e-02 7.414659112691879272e-02 -8.469488471746444702e-02
2.403008788824081421e-01 3.931177407503128052e-02 6.319009065628051758e-01
5.819992348551750183e-02 6.298836320638656616e-02 -1.991880238056182861e-01
4.610397517681121826e-01 -2.054242789745330811e-02 -1.197462752461433411e-01
-6.076344847679138184e-02 -3.292217478156089783e-02 -1.037799641489982605e-01
-2.952386066317558289e-02 -2.876382879912853241e-02 3.524253368377685547e-01
4.173980653285980225e-02 -6.148481369018554688e-02 1.350650787353515625e-01
-3.770194947719573975e-02 -7.699198275804519653e-02 5.155161768198013306e-02
3.100398182868957520e-01 -8.080380409955978394e-02 -2.162892371416091919e-01
-2.447320520877838135e-02 8.729736506938934326e-02 -1.385571062564849854e-02
4.139327630400657654e-02 5.534740164875984192e-02 4.066570699214935303e-01
-8.832511957734823227e-04 9.329231083393096924e-02 9.252867102622985840e-02
-3.892346099019050598e-02 7.801039516925811768e-02 -1.078776642680168152e-01
2.566743791103363037e-01 -5.586238950490951538e-02 -2.676881253719329834e-01
7.258088141679763794e-02 2.907790988683700562e-02 -1.394949555397033691e-01
6.625672429800033569e-02 -2.838264591991901398e-02 -2.223621308803558350e-01
-2.256729640066623688e-02 7.787177711725234985e-02 3.744299113750457764e-01
2.552016079425811768e-01 -6.616295874118804932e-02 -1.523633152246475220e-01
6.365775316953659058e-02 -3.368454053997993469e-02 3.968300670385360718e-02
6.530168056488037109e-01 1.385056320577859879e-02 1.253622770309448242e-01
6.859579682350158691e-02 -2.165132388472557068e-02 -7.105896621942520142e-02
3.578309668228030205e-03 2.320251613855361938e-01 6.210718154907226562e-01
3.023504838347434998e-02 8.681222796440124512e-02 3.898994997143745422e-02
4.806395620107650757e-02 3.236646950244903564e-02 5.256897807121276855e-01
2.313777506351470947e-01 -3.305212408304214478e-02 -1.935655921697616577e-01
3.067182609811425209e-03 2.937073111534118652e-01 6.490540504455566406e-01
-6.647250801324844360e-02 2.958904020488262177e-02 2.072297483682632446e-01
2.247070670127868652e-01 -3.778224065899848938e-02 -2.615748904645442963e-02
2.429706510156393051e-04 -8.305624127388000488e-02 -8.657779544591903687e-03
7.431352138519287109e-02 7.725665345788002014e-03 1.702377647161483765e-01
3.045819997787475586e-01 -4.612492397427558899e-02 -1.212306320667266846e-02
1.907472312450408936e-01 -4.646279290318489075e-02 -1.240259110927581787e-01
3.706166520714759827e-02 7.054269313812255859e-02 3.564104139804840088e-01
1.313175410032272339e-01 3.520887345075607300e-02 4.594161510467529297e-01
1.202286034822463989e-01 -5.827943235635757446e-02 -1.407052129507064819e-01
2.649910449981689453e-01 -1.775287091732025146e-02 -1.079383045434951782e-01
-1.838296093046665192e-02 6.917390227317810059e-02 4.705050289630889893e-01
3.636860847473144531e-02 -2.064638957381248474e-02 3.763358294963836670e-01
-5.800365470349788666e-04 -9.895359398797154427e-04 5.506398677825927734e-01
7.249425351619720459e-02 2.925810590386390686e-02 1.225034072995185852e-01
1.088797822594642639e-01 -5.803685262799263000e-02 -6.522861868143081665e-02
2.432673051953315735e-02 8.931589126586914062e-02 1.879107505083084106e-01
-2.671906948089599609e-01 4.295898973941802979e-02 6.476679444313049316e-01
-6.454927474260330200e-02 -2.006595209240913391e-02 1.089021638035774231e-01
4.758538305759429932e-01 -7.933105528354644775e-02 -7.481013983488082886e-02
-8.659238228574395180e-04 -1.959813944995403290e-02 4.601958096027374268e-01
4.893685579299926758e-01 -3.681196272373199463e-02 -1.688783802092075348e-02
4.288126230239868164e-01 -1.439154334366321564e-02 1.045705303549766541e-01
4.792325496673583984e-01 3.549991874024271965e-03 4.340819269418716431e-02
2.556049032136797905e-03 6.627172976732254028e-02 6.031389832496643066e-01
1.555954571813344955e-02 1.566551327705383301e-01 4.660867750644683838e-01
-3.058943897485733032e-02 8.199547976255416870e-02 2.640604674816131592e-01
-4.196425154805183411e-02 2.571047749370336533e-03 3.915831148624420166e-01
5.325979590415954590e-01 7.526411674916744232e-03 9.183560311794281006e-02
-9.264410287141799927e-02 -7.014804333448410034e-02 -1.966006495058536530e-02
4.001373350620269775e-01 -5.910245236009359360e-03 2.344518667086958885e-03
4.937001466751098633e-01 -7.538931909948587418e-03 1.333324611186981201e-01
5.932614952325820923e-02 -5.325475707650184631e-02 8.871684223413467407e-02
3.182041645050048828e-02 -7.551924139261245728e-02 -2.099217623472213745e-01
-5.867647379636764526e-02 2.034105174243450165e-02 2.946416735649108887e-01
-5.943450704216957092e-02 -3.146675229072570801e-02 1.549038738012313843e-01
-5.620572343468666077e-02 5.937579646706581116e-02 1.579359918832778931e-01
5.126935243606567383e-02 -1.923428289592266083e-02 3.088493347167968750e-01
7.422688603401184082e-02 3.844542661681771278e-03 -2.632699012756347656e-01
-6.202467717230319977e-03 1.304055601358413696e-01 5.135612487792968750e-01
-3.059810027480125427e-02 -5.799354240298271179e-02 2.100019752979278564e-01
6.149195134639739990e-02 5.840551480650901794e-02 5.432385578751564026e-02
6.729630380868911743e-02 -8.327284827828407288e-03 2.395435720682144165e-01
3.098665475845336914e-01 -2.864254079759120941e-02 -9.151283651590347290e-02
-4.876995459198951721e-03 1.712959855794906616e-01 5.545383095741271973e-01
1.178895309567451477e-01 -3.086899034678936005e-02 -2.266244441270828247e-01
3.010300397872924805e-01 -5.381787195801734924e-02 -2.663886547088623047e-01
5.796393156051635742e-01 4.476957023143768311e-03 9.660039097070693970e-02
2.770538628101348877e-02 -8.097707480192184448e-02 -1.323226839303970337e-01
-1.336384713649749756e-01 -5.348866805434226990e-02 -4.824870452284812927e-02
-1.181832775473594666e-01 3.530590236186981201e-02 4.529187381267547607e-01
3.755337893962860107e-01 -6.317417602986097336e-03 -4.253097996115684509e-02
2.276525646448135376e-01 -5.916307866573333740e-02 5.735598504543304443e-02
1.490474562160670757e-03 1.489448696374893188e-01 3.897638320922851562e-01
-6.860872730612754822e-03 -7.040794193744659424e-02 1.196445599198341370e-01
-1.296844519674777985e-02 6.219134852290153503e-02 5.441424846649169922e-01
2.893347144126892090e-01 4.182410985231399536e-02 6.557247638702392578e-01
-2.454460114240646362e-01 4.403322935104370117e-02 5.637213587760925293e-01
8.202379196882247925e-02 -7.716525346040725708e-02 -1.170520186424255371e-01
2.172775939106941223e-02 9.044211357831954956e-02 1.361046880483627319e-01
7.121570874005556107e-03 9.284183382987976074e-02 -1.446677744388580322e-01
6.573694199323654175e-02 -5.366192758083343506e-02 -4.244434460997581482e-02
3.790856897830963135e-01 -5.884255748242139816e-03 -8.685202896595001221e-02
-6.990823429077863693e-03 2.613934874534606934e-01 5.625085234642028809e-01
7.050170004367828369e-02 -1.607220619916915894e-02 -1.569288372993469238e-01
1.217013522982597351e-01 2.979869209229946136e-02 5.300213694572448730e-01
-4.934791475534439087e-02 -8.400920033454895020e-02 -8.725919574499130249e-02
-6.967789679765701294e-02 1.591241173446178436e-02 5.570996925234794617e-02
7.266750186681747437e-02 2.858757227659225464e-02 -4.412793088704347610e-03
-6.021765992045402527e-02 -1.181856356561183929e-02 2.516720890998840332e-01
5.773001909255981445e-01 3.220789134502410889e-03 1.699778735637664795e-01
4.411143362522125244e-01 -5.728316307067871094e-02 -1.249702051281929016e-01
1.994104683399200439e-01 -2.882446907460689545e-02 -2.217643857002258301e-01
1.866098307073116302e-02 -1.168428137898445129e-01 -7.332006841897964478e-02
1.885157451033592224e-02 9.125645458698272705e-02 -3.014256805181503296e-02
1.422331929206848145e-01 -3.283553943037986755e-02 -1.655400693416595459e-01
-1.725883185863494873e-01 3.314096480607986450e-02 5.504665970802307129e-01
6.281233392655849457e-03 9.484299458563327789e-03 5.910971164703369141e-01
-6.856034696102142334e-02 -4.099632147699594498e-03 1.889126934111118317e-02
-1.042354926466941833e-01 3.195843100547790527e-02 5.724712014198303223e-01
1.464781761169433594e-01 -7.586577534675598145e-02 -5.712285637855529785e-03
2.279990911483764648e-01 3.731057420372962952e-02 5.913569927215576172e-01
4.797732830047607422e-02 2.615320682525634766e-02 4.849726557731628418e-01
6.582356244325637817e-02 -5.366192758083343506e-02 -1.553933019749820232e-03
1.568740308284759521e-01 -4.609027132391929626e-02 -2.100863605737686157e-01
4.496043622493743896e-01 -2.224908396601676941e-02 -5.057910829782485962e-02
1.767336949706077576e-02 8.554739505052566528e-02 4.316938221454620361e-01
3.009434342384338379e-01 -5.007535591721534729e-02 -1.804841309785842896e-01
2.033955454826354980e-01 3.490306064486503601e-02 5.503799915313720703e-01
2.328505069017410278e-01 -4.169802367687225342e-02 -1.034507527947425842e-01
-6.824847310781478882e-02 2.766320481896400452e-02 -7.514800876379013062e-02
5.239557102322578430e-02 -1.173626035451889038e-01 2.653487608768045902e-04
-1.158232800662517548e-02 1.220888718962669373e-01 4.238969087600708008e-01
7.218027710914611816e-01 2.935340255498886108e-02 1.944947838783264160e-01
5.967267230153083801e-02 6.061464175581932068e-02 -4.512994363903999329e-02
-5.886986036784946918e-04 -8.045728504657745361e-02 3.101978078484535217e-02
1.253607962280511856e-02 2.241416126489639282e-01 5.139077901840209961e-01
-5.481787398457527161e-02 -7.881126552820205688e-02 -2.763023599982261658e-02
-3.678364306688308716e-02 7.969105988740921021e-02 8.022689074277877808e-02
4.338581860065460205e-02 -5.641683936119079590e-02 1.743094772100448608e-01
4.959525465965270996e-01 -4.210519045591354370e-02 -9.970824420452117920e-02
3.432199358940124512e-01 -2.962148375809192657e-02 7.702149450778961182e-02
-1.072156429290771484e-01 2.907790988683700562e-02 5.136479139328002930e-01
1.883424445986747742e-02 9.125645458698272705e-02 -1.078690066933631897e-01
-5.620572343468666077e-02 5.937579646706581116e-02 4.747991263866424561e-02
2.342366129159927368e-01 -5.636485293507575989e-02 -5.860992148518562317e-02
-6.453703623265028000e-03 8.974039554595947266e-02 2.930822968482971191e-01
5.759350210428237915e-02 3.986622020602226257e-02 3.170793652534484863e-01
6.426417827606201172e-02 2.469345368444919586e-02 4.034517407417297363e-01
2.068608403205871582e-01 -5.175601691007614136e-02 2.391594648361206055e-02
1.855702511966228485e-02 -5.124489217996597290e-02 2.883175015449523926e-01
-6.061096861958503723e-02 -3.726245090365409851e-02 -3.837262466549873352e-02
2.637782096862792969e-01 -2.865120954811573029e-02 -1.729211360216140747e-01
-6.493428372777998447e-04 -8.496214449405670166e-02 -4.660269245505332947e-02
7.656595855951309204e-02 -6.070513650774955750e-02 -1.977152824401855469e-01
-1.969319730997085571e-01 3.531629592180252075e-02 5.832135677337646484e-01
5.181304812431335449e-01 -2.609557705000042915e-03 4.349482432007789612e-02
-1.481012091971933842e-03 1.203562244772911072e-01 3.652469217777252197e-01
7.431352138519287109e-02 7.725665345788002014e-03 8.429861068725585938e-02
3.550228476524353027e-02 8.431721478700637817e-02 -2.213398814201354980e-01
4.826112389564514160e-01 -7.421976327896118164e-02 -3.828600049018859863e-02
3.136485582217574120e-03 9.339626878499984741e-02 1.074784528464078903e-02
-1.588795334100723267e-02 3.231881931424140930e-02 5.665802359580993652e-01
-8.870739489793777466e-03 9.203614294528961182e-02 2.110415548086166382e-01
2.649044394493103027e-01 4.573988541960716248e-02 5.833868384361267090e-01
-6.283395737409591675e-02 4.616438597440719604e-02 -2.199913561344146729e-02
-6.412477046251296997e-02 4.335749894380569458e-02 1.211173012852668762e-01
6.670511960983276367e-01 2.405064366757869720e-02 1.636537313461303711e-01
6.677651405334472656e-02 4.778440669178962708e-02 -1.078603416681289673e-01
6.244491040706634521e-02 -6.902182847261428833e-02 5.527679994702339172e-02
7.266750186681747437e-02 1.183203235268592834e-02 2.069698274135589600e-01
3.970185816287994385e-01 -1.692120172083377838e-02 7.832097262144088745e-02
-1.766600459814071655e-01 3.316522017121315002e-02 5.137345194816589355e-01
8.860784769058227539e-02 -5.516067147254943848e-02 -2.344213426113128662e-01
1.181494295597076416e-01 -1.043677702546119690e-01 -1.219034194946289062e-01
7.405363023281097412e-02 1.181470695883035660e-02 -2.264512032270431519e-01
4.277938976883888245e-02 7.529880106449127197e-02 2.612015902996063232e-01
6.287806481122970581e-02 3.643558546900749207e-02 4.504930377006530762e-01
-3.383814916014671326e-02 2.343988604843616486e-02 4.752698242664337158e-01
1.839032769203186035e-01 -5.399113148450851440e-02 -4.435025528073310852e-02
4.604333341121673584e-01 -3.360657021403312683e-02 5.519017949700355530e-02
2.778126299381256104e-01 -1.034148111939430237e-01 -2.259314060211181641e-01
9.034048020839691162e-02 -6.191798299551010132e-02 -1.610871702432632446e-01
7.676015142351388931e-03 9.328365325927734375e-02 5.486473441123962402e-01
2.568476200103759766e-01 -3.331201896071434021e-02 -1.056368183344602585e-02
-4.485170170664787292e-02 4.846014082431793213e-02 3.666330277919769287e-01
4.119193255901336670e-01 -1.554375141859054565e-02 -3.014256805181503296e-02
-1.831365376710891724e-02 -1.188353523612022400e-01 -1.021715998649597168e-02
-2.055742964148521423e-02 -4.756302386522293091e-02 2.924758493900299072e-01
1.416267603635787964e-01 -7.395985722541809082e-02 -8.510205149650573730e-02
1.310785487294197083e-02 8.554739505052566528e-02 4.684258997440338135e-01
2.543353140354156494e-01 -8.894722908735275269e-02 -2.550398409366607666e-01
7.276937961578369141e-01 6.616772618144750595e-03 2.311402410268783569e-01
3.276261687278747559e-01 -1.714644581079483032e-02 -2.017986774444580078e-02
1.769070141017436981e-02 1.261605769395828247e-01 4.484138190746307373e-01
1.299314051866531372e-01 3.984889388084411621e-02 4.973610341548919678e-01
4.399224370718002319e-02 -4.902710765600204468e-02 2.229968011379241943e-01
8.375643938779830933e-02 -1.138973161578178406e-01 -1.067774370312690735e-01
-1.671603647992014885e-03 3.311324417591094971e-01 6.352795362472534180e-01
5.222230032086372375e-02 -8.149686455726623535e-02 -2.615748904645442963e-02
7.388036698102951050e-02 6.733765530952950940e-06 -1.201361194252967834e-01
-7.056155055761337280e-02 3.475232422351837158e-02 5.137345194816589355e-01
1.091396808624267578e-01 -6.408378481864929199e-02 -9.952631592750549316e-02
-4.994827881455421448e-02 3.594178333878517151e-02 4.443421065807342529e-01
-5.897621810436248779e-02 5.457637459039688110e-02 -1.283090114593505859e-01
5.040302500128746033e-02 7.143500447273254395e-02 2.147667258977890015e-01
-1.685166060924530029e-01 -5.695395171642303467e-02 -1.385571062564849854e-02
-5.631921440362930298e-02 -7.283364981412887573e-02 2.287635579705238342e-02
2.580604851245880127e-01 -9.293231368064880371e-02 -1.775559633970260620e-01
-6.777199357748031616e-02 -7.764175068587064743e-03 1.783812046051025391e-01
8.135163225233554840e-03 2.204164266586303711e-01 5.871120691299438477e-01
-4.213751479983329773e-02 -4.160272702574729919e-02 2.506324648857116699e-01
4.541957974433898926e-01 -4.567448515444993973e-03 7.433588802814483643e-02
2.049758285284042358e-02 5.863076075911521912e-02 5.325337052345275879e-01
1.710817217826843262e-01 -4.158539697527885437e-02 -7.575443387031555176e-02
-4.079977516084909439e-03 3.102540671825408936e-01 5.792285203933715820e-01
4.710024595260620117e-01 -5.026597063988447189e-03 -3.014256805181503296e-02
5.222230032086372375e-02 -4.749374929815530777e-03 3.395171165466308594e-01
-5.401393026113510132e-02 3.493078425526618958e-02 4.075234532356262207e-01
5.187577381730079651e-02 -1.188353523612022400e-01 -6.721249967813491821e-02
2.918470501899719238e-01 -7.032130658626556396e-02 -1.416148543357849121e-01
-1.554142124950885773e-02 -7.482618093490600586e-02 8.204615861177444458e-02
4.693564772605895996e-01 -2.088895626366138458e-02 1.889126934111118317e-02
1.331368088722229004e-01 -2.787151746451854706e-02 -2.623169422149658203e-01
-3.797917068004608154e-02 7.724802941083908081e-02 2.318332642316818237e-01
1.510696858167648315e-01 -3.616221994161605835e-02 -1.328918486833572388e-01
-6.967789679765701294e-02 1.591241173446178436e-02 -9.697358123958110809e-03
1.750667989253997803e-01 4.159886762499809265e-02 5.340931415557861328e-01
6.325716376304626465e-01 1.025532651692628860e-02 1.539509147405624390e-01
1.794850528240203857e-01 -2.770691365003585815e-02 -1.490972787141799927e-01
6.790274381637573242e-02 4.489089176058769226e-02 2.408920042216777802e-02
1.167842466384172440e-02 2.471858114004135132e-01 5.377316474914550781e-01
2.889015376567840576e-01 -3.839733079075813293e-02 1.897790282964706421e-02
7.422688603401184082e-02 3.835879033431410789e-03 -4.244434460997581482e-02
-9.000689722597599030e-03 1.958128958940505981e-01 5.179795026779174805e-01
3.031958639621734619e-01 -1.291013043373823166e-02 -1.200754866003990173e-01
-2.132845483720302582e-02 8.850155025720596313e-02 1.787277311086654663e-01
-6.129189953207969666e-02 -2.889377996325492859e-02 -7.106763124465942383e-02
5.956662893295288086e-01 9.978104382753372192e-03 6.506625562906265259e-02
-2.647440880537033081e-02 7.794108241796493530e-02 3.417695760726928711e-01
2.977380454540252686e-01 -1.698184572160243988e-02 -6.328805536031723022e-02
-1.658100821077823639e-02 -3.148408234119415283e-02 3.824867010116577148e-01
1.979586295783519745e-02 -1.086127385497093201e-01 -2.160355914384126663e-03
2.958530187606811523e-02 4.794900864362716675e-02 5.010862350463867188e-01
2.518229484558105469e-01 -5.831408128142356873e-02 -1.897017955780029297e-01
-1.378278713673353195e-02 -1.166695430874824524e-01 -7.715787738561630249e-02
4.647649228572845459e-01 -1.309205684810876846e-02 -8.285827934741973877e-02
4.399881362915039062e-01 -4.369922727346420288e-02 -8.917667903006076813e-03
4.009379073977470398e-02 8.109449595212936401e-02 -1.760139167308807373e-01
2.439394146203994751e-01 -2.574036270380020142e-02 -7.754772156476974487e-02
6.859579682350158691e-02 -2.165998518466949463e-02 7.208345085382461548e-02
2.114523351192474365e-01 -3.998269885778427124e-02 -1.691179722547531128e-01
1.407813653349876404e-02 1.304921954870223999e-01 4.848859906196594238e-01
-1.466852873563766479e-01 3.188219666481018066e-02 5.724712014198303223e-01
3.138516247272491455e-01 -3.613623231649398804e-02 -4.218444600701332092e-02
-1.281758421100676060e-03 2.634726762771606445e-01 6.267895698547363281e-01
7.110812515020370483e-02 3.596777096390724182e-02 1.538642942905426025e-01
4.612996876239776611e-01 -1.199182774871587753e-02 1.088155210018157959e-01
-1.313304714858531952e-02 -8.102041669189929962e-03 4.873983263969421387e-01
2.821442484855651855e-01 -4.589968547224998474e-02 -7.982615381479263306e-02
1.256864368915557861e-01 -6.503674387931823730e-02 -3.421428054571151733e-02
-1.063803955912590027e-02 1.465191543102264404e-01 4.443421065807342529e-01
-1.399279683828353882e-01 4.003082215785980225e-02 5.095762014389038086e-01
3.895682096481323242e-01 -3.099027276039123535e-02 1.889126934111118317e-02
-6.959126889705657959e-02 3.723257454112172127e-03 8.845695108175277710e-02
2.027891129255294800e-01 3.754447773098945618e-02 5.188458561897277832e-01
6.149195134639739990e-02 5.840551480650901794e-02 1.279612481594085693e-01
-1.558980438858270645e-03 1.549224853515625000e-01 5.813943147659301758e-01
2.061887085437774658e-02 -7.881126552820205688e-02 -1.629930883646011353e-01
6.062562763690948486e-02 -1.292745769023895264e-02 2.741964161396026611e-01
-2.544557750225067139e-01 3.971028327941894531e-02 6.189926862716674805e-01
4.339239001274108887e-01 -4.949491843581199646e-02 -5.073504522442817688e-02
-4.126252979040145874e-02 7.616512477397918701e-02 1.889126934111118317e-02
-1.261325459927320480e-02 9.162031114101409912e-02 -1.732936501502990723e-01
-4.126252979040145874e-02 7.616512477397918701e-02 1.211173012852668762e-01
6.495724618434906006e-02 -3.274024650454521179e-02 -1.896498203277587891e-01
3.311123326420783997e-02 -1.571701467037200928e-02 4.070902764797210693e-01
-5.140803009271621704e-02 4.369536414742469788e-02 3.252228200435638428e-01
3.584881126880645752e-02 -8.357603102922439575e-02 -5.896510928869247437e-02
6.289901677519083023e-03 1.987583935260772705e-01 4.456416070461273193e-01
1.011695116758346558e-01 2.718499675393104553e-02 4.605423212051391602e-01
-1.124446559697389603e-02 8.961911499500274658e-02 4.480672776699066162e-01
-1.713545620441436768e-02 6.540540605783462524e-02 5.015194416046142578e-01
3.304193168878555298e-02 8.559937030076980591e-02 -6.049849838018417358e-02
-1.806242205202579498e-02 6.183612160384654999e-03 5.146008729934692383e-01
1.829503178596496582e-01 3.375864773988723755e-02 5.749835371971130371e-01
4.682302772998809814e-01 -7.266037911176681519e-02 -7.618188392370939255e-03
7.431352138519287109e-02 1.182337105274200439e-02 -9.151283651590347290e-02
-4.929507151246070862e-02 -4.521529003977775574e-02 1.889503300189971924e-01
7.318730652332305908e-02 -3.276627976447343826e-03 2.330951020121574402e-02
3.992053121328353882e-02 8.088658004999160767e-02 1.593221276998519897e-01
-2.680361270904541016e-02 -1.524920202791690826e-02 4.155802428722381592e-01
-4.659214615821838379e-02 -1.449550036340951920e-02 3.224505782127380371e-01
-9.693746455013751984e-03 1.739815771579742432e-01 4.693788290023803711e-01
2.491373568773269653e-01 -6.157144531607627869e-02 -2.384064495563507080e-01
2.313120290637016296e-02 -1.619349047541618347e-02 4.395773708820343018e-01
-1.261325459927320480e-02 9.162031114101409912e-02 -9.968225657939910889e-02
2.210894227027893066e-02 2.043634653091430664e-02 5.461349487304687500e-01
7.717239111661911011e-02 -6.382388621568679810e-02 -7.538191974163055420e-02
4.241344630718231201e-01 -1.536182127892971039e-02 1.897790282964706421e-02
3.473783135414123535e-01 -2.022188901901245117e-02 3.067325800657272339e-02
3.390825539827346802e-02 8.522681891918182373e-03 4.642675220966339111e-01
1.393086183816194534e-02 3.643558546900749207e-02 6.033122539520263672e-01
-1.032738834619522095e-01 3.868802264332771301e-02 4.849726557731628418e-01
3.617592453956604004e-01 -2.167731337249279022e-02 -6.695260107517242432e-02
-6.921008229255676270e-02 -2.271730045322328806e-04 -8.742379397153854370e-02
-6.300722062587738037e-02 1.625027693808078766e-02 2.631941735744476318e-01
3.037156462669372559e-01 -5.142682045698165894e-02 -2.114984691143035889e-01
6.591019034385681152e-02 -2.747300453484058380e-02 1.459807455539703369e-01
2.976723201572895050e-02 7.509955018758773804e-02 3.855188190937042236e-01
2.325039654970169067e-01 -4.279824718832969666e-02 1.048794388771057129e-02
1.550756674259901047e-02 -6.096502393484115601e-02 2.399767041206359863e-01
-2.126124054193496704e-01 -4.938229918479919434e-02 2.755449712276458740e-02
-3.914003819227218628e-02 3.041031397879123688e-02 5.404172539710998535e-01
4.696163237094879150e-01 4.364335443824529648e-03 -1.467299298383295536e-03
1.009305100888013840e-02 1.508507728576660156e-01 5.381648540496826172e-01
-6.570148468017578125e-02 -1.657467335462570190e-02 -1.376907713711261749e-02
-3.690493106842041016e-02 7.996828109025955200e-02 -7.515667378902435303e-02
-5.708664655685424805e-03 -8.201664686203002930e-02 -1.295287907123565674e-01
2.952257096767425537e-01 -3.769561275839805603e-02 5.519017949700355530e-02
-6.050441041588783264e-02 -5.367925763130187988e-02 4.756654426455497742e-02
4.003105759620666504e-01 -1.097823213785886765e-02 4.306166991591453552e-02
3.119161585345864296e-03 9.325766563415527344e-02 1.620077043771743774e-01
4.442540556192398071e-02 6.577792763710021973e-02 3.277351558208465576e-01
8.999396115541458130e-02 -5.054317414760589600e-02 -1.286745965480804443e-01
-4.880559816956520081e-02 -4.920037090778350830e-02 1.332458108663558960e-01
1.919810287654399872e-02 -6.902182847261428833e-02 1.620077043771743774e-01
-2.535685338079929352e-02 -8.357603102922439575e-02 -2.901634946465492249e-02
6.532766222953796387e-01 1.268969289958477020e-02 1.946680545806884766e-01
-2.542615868151187897e-02 -7.950432598590850830e-02 -1.526578664779663086e-01
2.650777101516723633e-01 -3.284420445561408997e-02 -1.405553370714187622e-01
6.530377268791198730e-02 -7.049457728862762451e-02 -1.405042260885238647e-01
6.972201168537139893e-02 2.000924944877624512e-02 2.476003617048263550e-01
-3.083709627389907837e-03 3.022838830947875977e-01 6.116289496421813965e-01
5.993257090449333191e-02 6.078790500760078430e-02 -1.678358167409896851e-01
-1.710080169141292572e-02 8.181355148553848267e-02 4.031918346881866455e-01
-5.314673855900764465e-02 5.178681761026382446e-02 2.842457890510559082e-01
3.312856331467628479e-02 -8.305624127388000488e-02 -1.023332029581069946e-01
6.244282126426696777e-01 1.015136856585741043e-02 1.129738613963127136e-01
5.257540345191955566e-01 8.470702916383743286e-03 1.577250845730304718e-02
-3.366488218307495117e-02 -8.236318826675415039e-02 -1.120013594627380371e-01
4.375624358654022217e-01 -3.305212408304214478e-02 -9.967359155416488647e-02
5.556421279907226562e-01 9.432320483028888702e-03 1.126273497939109802e-01
4.488246440887451172e-01 -4.784055636264383793e-04 3.084652684628963470e-02
-5.608790740370750427e-02 -4.959887638688087463e-02 8.395207673311233521e-02
2.172775939106941223e-02 9.044211357831954956e-02 6.662563234567642212e-02
4.711100459098815918e-02 4.035132937133312225e-03 3.908900320529937744e-01
-6.610865145921707153e-02 3.746651113033294678e-02 1.743094772100448608e-01
1.502033621072769165e-01 3.088072873651981354e-02 5.218779444694519043e-01
-1.138689965009689331e-01 -6.590306758880615234e-02 3.557364456355571747e-03
1.907472312450408936e-01 -3.366721048951148987e-02 -9.798426926136016846e-02
3.217351436614990234e-01 -3.221178799867630005e-02 6.676125805824995041e-03
1.229142099618911743e-01 3.181982040405273438e-02 5.762829780578613281e-01
1.953596808016300201e-02 -7.716525346040725708e-02 5.155161768198013306e-02
3.604302415624260902e-03 2.348840087652206421e-01 4.781287014484405518e-01
6.625672429800033569e-02 4.734258353710174561e-02 1.986531466245651245e-01
7.673922181129455566e-02 2.865861169993877411e-02 5.259496569633483887e-01
-1.031006127595901489e-01 2.989658527076244354e-02 5.422365665435791016e-01
6.712305545806884766e-02 -2.462280727922916412e-02 -2.509680986404418945e-01
1.657314412295818329e-02 -3.745304048061370850e-02 3.638607859611511230e-01
-5.620572343468666077e-02 5.937579646706581116e-02 -8.742379397153854370e-02
-9.065156430006027222e-02 2.693982608616352081e-02 4.523988962173461914e-01
1.087065115571022034e-01 -4.924368485808372498e-02 -2.548665702342987061e-01
1.140777096152305603e-01 -3.939360007643699646e-02 -1.614337116479873657e-01
-3.724787384271621704e-03 6.764052063226699829e-02 5.707385540008544922e-01
6.296470016241073608e-02 5.580655112862586975e-02 -2.264512032270431519e-01
1.095071341842412949e-02 9.091859310865402222e-02 2.682188451290130615e-01
9.365339763462543488e-03 1.222621351480484009e-01 5.421499013900756836e-01
2.868223786354064941e-01 -2.540249750018119812e-02 -2.035312168300151825e-02
4.548888802528381348e-01 -7.872463762760162354e-02 -9.411180019378662109e-02
3.447793126106262207e-01 -8.257981389760971069e-03 -8.939900994300842285e-02
6.105879694223403931e-02 -7.292027026414871216e-02 -2.181085050106048584e-01
-8.489559404551982880e-03 -4.332670569419860840e-02 3.374379575252532959e-01
5.107666254043579102e-01 9.943414479494094849e-04 1.125407069921493530e-01
2.689761221408843994e-01 4.074987024068832397e-02 6.363191008567810059e-01
5.050489902496337891e-01 -5.130558274686336517e-03 6.827163696289062500e-02
1.515028327703475952e-01 -6.746244430541992188e-02 -1.116028502583503723e-01
5.993257090449333191e-02 1.191866490989923477e-02 3.174259066581726074e-01
-1.284715998917818069e-02 -6.893519312143325806e-02 1.864379942417144775e-01
-3.705220296978950500e-02 5.984361469745635986e-02 3.909766674041748047e-01
2.279990911483764648e-01 -6.261103600263595581e-02 -1.376907713711261749e-02
-4.149643704295158386e-02 -1.102587580680847168e-01 -2.321199513971805573e-02
4.260613024234771729e-02 3.991819918155670166e-02 4.316071867942810059e-01
-6.673240661621093750e-02 4.840812645852565765e-03 2.214374244213104248e-01
4.679703414440155029e-01 -4.618556424975395203e-02 -1.116028502583503723e-01
-2.136519998311996460e-01 4.391194880008697510e-02 5.627683997154235840e-01
7.225528825074434280e-03 2.501313090324401855e-01 5.962950587272644043e-01
-6.694898754358291626e-02 -7.439302653074264526e-02 -3.113313578069210052e-03
-2.583542466163635254e-01 3.880931064486503601e-02 5.913569927215576172e-01
6.729630380868911743e-02 -2.442355267703533173e-02 -3.837262466549873352e-02
-4.910534620285034180e-02 6.869743019342422485e-02 -1.376907713711261749e-02
2.082469463348388672e-01 -2.445820719003677368e-02 -1.328060775995254517e-01
3.695561587810516357e-01 -2.594828233122825623e-02 8.412533998489379883e-02
2.807581126689910889e-01 -7.318016886711120605e-02 -2.568590939044952393e-01
1.625917553901672363e-01 -5.954426154494285583e-02 1.265374757349491119e-02
3.103863298892974854e-01 -7.569250464439392090e-02 -2.526141405105590820e-01
1.629382967948913574e-01 3.495157510042190552e-02 5.951688289642333984e-01
-4.933925345540046692e-02 -8.331613987684249878e-02 -5.897377431392669678e-02
6.461071223020553589e-02 -4.548384621739387512e-02 -9.151283651590347290e-02
6.800460219383239746e-01 2.053943835198879242e-02 1.257954388856887817e-01
4.949996471405029297e-01 -6.009870022535324097e-02 -7.901180535554885864e-02
-6.635629571974277496e-03 1.058886423707008362e-01 5.013461112976074219e-01
-1.082863099873065948e-02 1.427939683198928833e-01 4.806410372257232666e-01
-5.898401513695716858e-02 5.048733204603195190e-02 2.232566922903060913e-01
-1.207613479346036911e-02 -1.145903766155242920e-01 -4.218444600701332092e-02
-1.532484311610460281e-02 9.028617292642593384e-02 2.397168129682540894e-01
2.832704484462738037e-01 -4.089234024286270142e-02 -2.502750456333160400e-01
-1.263057813048362732e-02 9.162031114101409912e-02 6.801174581050872803e-02
-7.362832874059677124e-02 -7.101436704397201538e-02 -9.093239903450012207e-02
5.274209752678871155e-02 7.001423835754394531e-02 -2.482825070619583130e-01
7.086916361004114151e-03 2.756878137588500977e-01 5.311475992202758789e-01
5.596272945404052734e-01 1.347804535180330276e-02 7.606853544712066650e-02
2.670702338218688965e-01 -9.223926067352294922e-02 -1.520601063966751099e-01
1.529755890369415283e-01 3.153999894857406616e-02 4.812474548816680908e-01
-1.553484946489334106e-01 -5.882520601153373718e-02 1.135426759719848633e-02
5.800724625587463379e-01 3.749246941879391670e-03 1.252756416797637939e-01
1.216147169470787048e-01 -6.668275594711303711e-02 4.337054677307605743e-03
-4.073407500982284546e-02 -1.171893328428268433e-01 -7.759103924036026001e-02
1.262928545475006104e-01 -3.250633552670478821e-02 -1.939987540245056152e-01
-4.088643006980419159e-03 1.999712437391281128e-01 5.749835371971130371e-01
1.706485450267791748e-01 -2.515126392245292664e-02 -2.225614041090011597e-01
-9.555133990943431854e-03 1.136855408549308777e-01 3.914098143577575684e-01
1.347828209400177002e-01 -5.236244946718215942e-02 -6.345266103744506836e-02
1.384213715791702271e-01 -4.484276846051216125e-02 -2.360673695802688599e-01
5.456137284636497498e-02 6.765784323215484619e-02 2.712132968008518219e-02
1.393086183816194534e-02 1.834244877099990845e-01 4.770024418830871582e-01
1.620719581842422485e-01 -4.952957481145858765e-02 -1.529783904552459717e-01
2.858694195747375488e-01 -3.350261226296424866e-02 -1.037453040480613708e-01
4.991579651832580566e-01 -4.680068697780370712e-03 2.339614368975162506e-02
4.428470730781555176e-01 -7.188069075345993042e-02 -6.158139929175376892e-02
5.664054304361343384e-02 -4.214850813150405884e-02 1.251890212297439575e-01
6.458262801170349121e-01 1.806955412030220032e-02 9.989239275455474854e-02
-1.569078862667083740e-01 4.066323488950729370e-02 5.295882225036621094e-01
-4.489242285490036011e-02 -7.790164556354284286e-03 3.489600419998168945e-01
3.874024152755737305e-01 -1.971942558884620667e-02 -2.191250212490558624e-02
1.011695116758346558e-01 -6.919508427381515503e-02 -4.244434460997581482e-02
2.028100378811359406e-02 -8.227655291557312012e-02 -3.109552524983882904e-02
7.051693797111511230e-01 2.831468172371387482e-02 1.743094772100448608e-01
6.426417827606201172e-02 5.306030809879302979e-02 9.746669977903366089e-02
-1.469451785087585449e-01 -7.266037911176681519e-02 -3.430091217160224915e-02
3.992053121328353882e-02 -7.595241069793701172e-02 6.783848255872726440e-02
-1.276088804006576538e-01 2.946429140865802765e-02 4.891309738159179688e-01
-3.208817914128303528e-02 8.348555117845535278e-02 -1.364992260932922363e-01
7.162792980670928955e-02 -8.405256085097789764e-03 1.905097067356109619e-01
-8.524211123585700989e-03 1.590808331966400146e-01 5.054178237915039062e-01
-7.527939975261688232e-03 1.464325189590454102e-01 4.158401191234588623e-01
6.521713733673095703e-02 -6.183134764432907104e-02 2.304962277412414551e-02
2.486175596714019775e-01 4.358274489641189575e-02 6.077305078506469727e-01
2.004709653556346893e-02 -8.110706694424152374e-03 4.784752428531646729e-01
7.431352138519287109e-02 1.182337105274200439e-02 1.415625065565109253e-01
-7.112105377018451691e-03 2.201565504074096680e-01 4.975342750549316406e-01
-2.856433689594268799e-01 4.225727170705795288e-02 6.295618414878845215e-01
6.409092247486114502e-02 4.161619395017623901e-02 2.618946731090545654e-01
2.697558104991912842e-01 -2.164265699684619904e-02 -7.128421217203140259e-02
-5.981308966875076294e-02 5.159622430801391602e-02 1.946680545806884766e-01
-2.085197903215885162e-02 -1.008158549666404724e-01 7.715717423707246780e-03
2.424875833094120026e-02 8.909065276384353638e-02 9.382813423871994019e-02
4.423271715641021729e-01 -2.673663385212421417e-02 -7.456757128238677979e-02
2.539021074771881104e-01 -4.146411269903182983e-02 -3.447418287396430969e-02
5.681381002068519592e-02 6.182748824357986450e-02 2.421424984931945801e-01
2.694959342479705811e-01 -1.014222726225852966e-01 -2.019949108362197876e-01
-1.160261482000350952e-01 -6.564316898584365845e-02 -3.456080704927444458e-02
1.547948718070983887e-01 -5.535992234945297241e-02 -1.818731799721717834e-02
-6.528564542531967163e-02 4.010013118386268616e-02 -4.651605710387229919e-02
2.401276081800460815e-01 -2.076767571270465851e-02 -1.206299215555191040e-01
1.192756444215774536e-01 -4.634150862693786621e-02 -1.145396828651428223e-01
6.006909608840942383e-01 6.374203599989414215e-03 1.817598491907119751e-01
-2.073935605585575104e-02 8.402266353368759155e-02 3.131809532642364502e-01
1.705619245767593384e-01 -5.219784379005432129e-02 -9.957829862833023071e-02
-9.433852508664131165e-03 9.803976863622665405e-02 3.564970791339874268e-01
-3.235673531889915466e-02 -6.650949269533157349e-02 1.249291300773620605e-01
-1.163431070744991302e-02 3.640959411859512329e-02 5.910971164703369141e-01
2.411014586687088013e-02 1.236915215849876404e-02 5.213581919670104980e-01
-4.894322715699672699e-03 9.280717372894287109e-02 -3.837262466549873352e-02
3.052750229835510254e-01 -5.375722423195838928e-02 -2.414385676383972168e-01
8.860784769058227539e-02 -3.803347796201705933e-02 -1.963031738996505737e-01
4.444063901901245117e-01 5.005383864045143127e-04 -4.131812602281570435e-02
-2.340971976518630981e-01 4.367803782224655151e-02 5.871986746788024902e-01
4.457925260066986084e-01 -2.839130721986293793e-02 9.252867102622985840e-02
3.511034846305847168e-01 -1.028517540544271469e-02 -3.854589536786079407e-02
-5.613368935883045197e-03 2.859970331192016602e-01 5.670999884605407715e-01
3.922537863254547119e-01 -3.431695699691772461e-02 5.978168919682502747e-02
1.596672087907791138e-02 1.242546737194061279e-01 4.235503673553466797e-01
-1.728482246398925781e-01 3.879198059439659119e-02 5.748102664947509766e-01
2.802592143416404724e-02 -7.110099494457244873e-02 1.165257990360260010e-01
9.027480147778987885e-03 4.838216677308082581e-02 6.271361112594604492e-01
2.776393592357635498e-01 -2.976009622216224670e-02 -1.936175823211669922e-01
3.967586755752563477e-01 -1.705114915966987610e-02 -4.994669184088706970e-02
4.870294928550720215e-01 -3.055711835622787476e-02 -1.198848932981491089e-01
3.368300944566726685e-02 6.313563883304595947e-02 4.304809868335723877e-01
5.750686675310134888e-02 -3.081701137125492096e-02 2.353852093219757080e-01
1.168708689510822296e-02 2.095007747411727905e-01 5.398974418640136719e-01
-6.967789679765701294e-02 7.725665345788002014e-03 1.129738613963127136e-01
-6.677572429180145264e-02 3.436420857906341553e-02 3.933647274971008301e-02
-1.237934641540050507e-02 -6.269767135381698608e-02 2.268952280282974243e-01
1.134712919592857361e-01 -5.306416749954223633e-02 -2.141580730676651001e-01
3.718952238559722900e-01 -1.355987414717674255e-02 1.889126934111118317e-02
-8.083613216876983643e-02 -9.735055267810821533e-02 -9.005741775035858154e-02
6.461071223020553589e-02 -3.025390021502971649e-02 1.705842912197113037e-01
3.775472193956375122e-02 8.287046849727630615e-02 -1.214962452650070190e-01
-1.972785145044326782e-01 3.626231849193572998e-02 6.117155551910400391e-01
-2.137177065014839172e-02 8.864016830921173096e-02 1.109436713159084320e-02
6.677651405334472656e-02 -7.525933533906936646e-02 -5.443424358963966370e-02
2.837902307510375977e-01 -5.340203270316123962e-02 -1.242858096957206726e-01
-3.453987091779708862e-02 8.181355148553848267e-02 -5.062242597341537476e-02
-3.769328072667121887e-02 -7.985084503889083862e-02 2.431152388453483582e-03
6.010583788156509399e-02 -7.768504321575164795e-02 -2.160355914384126663e-03
7.110812515020370483e-02 3.596777096390724182e-02 -1.937388628721237183e-01
2.283456325531005859e-01 -1.988402381539344788e-02 -1.691526472568511963e-01
1.094862073659896851e-01 2.874264493584632874e-02 5.055044889450073242e-01
-6.454927474260330200e-02 -2.006595209240913391e-02 8.429861068725585938e-02
9.062263416126370430e-06 3.186573982238769531e-01 6.564178466796875000e-01
7.388036698102951050e-02 3.637494146823883057e-02 4.724976122379302979e-01
5.349371433258056641e-01 1.081843581050634384e-02 6.385339796543121338e-02
2.594675309956073761e-02 7.535944879055023193e-02 4.106422066688537598e-01
1.443123519420623779e-01 -5.967420712113380432e-02 -1.349788159132003784e-01
4.210157096385955811e-01 -1.196583826094865799e-02 7.970708608627319336e-02
-5.466094240546226501e-03 1.023627072572708130e-01 5.300213694572448730e-01
-7.068791892379522324e-03 8.535680174827575684e-02 4.850592315196990967e-01
7.431352138519287109e-02 1.182337105274200439e-02 -1.651242375373840332e-01
4.901691526174545288e-02 7.398199290037155151e-02 7.069733738899230957e-02
4.009379073977470398e-02 8.111183345317840576e-02 -3.698651120066642761e-02
4.037758708000183105e-01 -1.973674818873405457e-02 1.017116829752922058e-01
9.692453593015670776e-02 -9.327884763479232788e-02 -1.056338921189308167e-01
6.989318728446960449e-01 2.038003504276275635e-02 2.219571918249130249e-01
3.167105019092559814e-01 -3.694190829992294312e-02 6.688552349805831909e-02
7.015518099069595337e-02 3.956301137804985046e-02 -3.837262466549873352e-02
4.225960001349449158e-02 7.921458035707473755e-02 1.290008276700973511e-01
1.710817217826843262e-01 -4.610760137438774109e-02 -1.773567199707031250e-01
-4.058679938316345215e-02 1.606834866106510162e-02 4.153203368186950684e-01
2.310312092304229736e-01 -5.467553064227104187e-02 -8.273699879646301270e-02
1.855702511966228485e-02 8.715008944272994995e-02 3.049508631229400635e-01
-1.026934459805488586e-01 -6.737581640481948853e-02 -5.873120203614234924e-02
4.173980653285980225e-02 -5.506537482142448425e-02 1.985664963722229004e-01
-8.832511957734823227e-04 9.329231083393096924e-02 -1.385571062564849854e-02
2.503502070903778076e-01 -5.877323448657989502e-02 -2.142620533704757690e-01
1.386155188083648682e-02 1.011845096945762634e-01 3.626479506492614746e-01
3.550228476524353027e-02 8.431721478700637817e-02 -1.281611900776624680e-02
-2.543482370674610138e-02 -8.444235473871231079e-02 -8.330010622739791870e-02
1.497910916805267334e-02 9.108319878578186035e-02 2.151998877525329590e-01
5.802666768431663513e-02 -8.011075109243392944e-02 -1.159864440560340881e-01
-6.649849563837051392e-02 -1.355987414717674255e-02 1.402630209922790527e-01
4.760271310806274414e-01 -4.224380478262901306e-02 2.517786109820008278e-03
-6.712225079536437988e-02 -1.064902823418378830e-02 -1.105892583727836609e-01
-3.266861662268638611e-02 -7.837809622287750244e-02 2.798765338957309723e-02
-4.910188168287277222e-02 -7.231384515762329102e-02 7.979372143745422363e-02
2.240139991044998169e-01 3.638360649347305298e-02 5.668401122093200684e-01
3.558891639113426208e-02 -3.742704913020133972e-02 3.065968751907348633e-01
5.993257090449333191e-02 6.078790500760078430e-02 -1.269454210996627808e-01
7.249425351619720459e-02 -6.092174444347620010e-03 -2.056161463260650635e-01
3.083071708679199219e-01 -7.014804333448410034e-02 -1.695338189601898193e-01
3.723493218421936035e-02 -9.674413502216339111e-02 -1.524182409048080444e-02
6.013839840888977051e-01 7.197209168225526810e-03 1.069962531328201294e-01
-8.628171868622303009e-03 2.285598665475845337e-01 5.340931415557861328e-01
2.111924439668655396e-01 -5.082039162516593933e-02 -1.467299298383295536e-03
-6.886356323957443237e-02 -5.777696520090103149e-02 -1.102860495448112488e-01
-6.060259765945374966e-04 -6.083512678742408752e-03 5.254299044609069824e-01
1.248410064727067947e-02 1.707761734724044800e-01 4.446886479854583740e-01
-4.848592728376388550e-02 2.757051028311252594e-02 5.080168247222900391e-01
5.481917858123779297e-01 8.565998636186122894e-03 2.963366732001304626e-02
2.023559659719467163e-01 -3.753966838121414185e-02 -1.997424811124801636e-01
3.225148320198059082e-01 -1.173193287104368210e-02 -7.939299196004867554e-02
2.033089250326156616e-01 3.541245684027671814e-02 5.872852802276611328e-01
9.718442708253860474e-02 2.950760535895824432e-02 5.381648540496826172e-01
7.251515053212642670e-03 -4.955555871129035950e-02 3.093691170215606689e-01
4.444063901901245117e-01 -2.026520669460296631e-02 1.238029003143310547e-01
-4.088643006980419159e-03 2.367899268865585327e-01 5.749835371971130371e-01
-4.126252979040145874e-02 7.615646719932556152e-02 1.456342339515686035e-01
-1.087194401770830154e-02 1.793527752161026001e-01 4.932893216609954834e-01
-1.652903109788894653e-02 1.226519513875246048e-02 5.374717712402343750e-01
1.132323406636714935e-02 -7.733852416276931763e-02 -1.936782300472259521e-01
1.550756674259901047e-02 7.260453701019287109e-02 4.943289458751678467e-01
-1.263057813048362732e-02 9.162031114101409912e-02 1.129738613963127136e-01
7.422688603401184082e-02 3.844542661681771278e-03 1.129738613963127136e-01
3.160174190998077393e-01 -1.737169176340103149e-02 -1.393927335739135742e-01
-7.828914374113082886e-02 -7.222720980644226074e-02 -3.828600049018859863e-02
6.435081362724304199e-02 -3.014994226396083832e-02 9.694689512252807617e-02
6.729630380868911743e-02 -2.443221770226955414e-02 1.481956429779529572e-02
5.682904720306396484e-01 6.989291869103908539e-03 1.453743129968643188e-01
-2.875283733010292053e-02 4.693537950515747070e-03 4.596760272979736328e-01
3.100398182868957520e-01 -7.361333817243576050e-02 -1.939294487237930298e-01
-1.417263224720954895e-02 -2.071569301187992096e-02 4.345526993274688721e-01
1.178238261491060257e-02 1.481651663780212402e-01 5.113088488578796387e-01
7.751891762018203735e-02 -4.482544586062431335e-02 -1.740300357341766357e-01
2.079870402812957764e-01 3.758779540657997131e-02 6.185594797134399414e-01
6.539040058851242065e-02 -3.732309117913246155e-02 -1.487594097852706909e-01
-4.669697210192680359e-02 3.343810886144638062e-02 3.854322135448455811e-01
1.040283739566802979e-01 -7.413312792778015137e-02 -1.241298690438270569e-01
-5.262694507837295532e-02 6.416656076908111572e-02 1.047438010573387146e-01
-1.252698004245758057e-01 -6.191798299551010132e-02 -7.294755429029464722e-02
7.050170004367828369e-02 -1.607220619916915894e-02 -1.037712991237640381e-01
3.452991247177124023e-01 -2.968213148415088654e-02 5.172488465905189514e-02
7.266750186681747437e-02 2.483553066849708557e-02 4.318670630455017090e-01
4.852101206779479980e-01 -7.309353351593017578e-02 -9.548925608396530151e-02
7.188781350851058960e-02 3.214382380247116089e-02 -2.387529611587524414e-01
-1.437188871204853058e-02 -9.916983544826507568e-02 -5.937227979302406311e-02
5.074955523014068604e-02 7.164292782545089722e-02 1.916359364986419678e-01
4.288991987705230713e-01 1.020295385387726128e-04 -2.208576910197734833e-02
5.772136449813842773e-01 7.881604135036468506e-03 5.137836188077926636e-02
-5.448174104094505310e-02 6.176684796810150146e-02 1.334190815687179565e-01
-6.592312827706336975e-03 1.714692413806915283e-01 5.256031155586242676e-01
2.723548114299774170e-01 -7.335343211889266968e-02 -1.284008473157882690e-01
8.072430640459060669e-02 -7.335343211889266968e-02 -2.199913561344146729e-02
-1.387151181697845459e-01 -7.439302653074264526e-02 1.455966290086507797e-02
2.037420719861984253e-01 -4.144678264856338501e-02 -3.482070937752723694e-02
6.617009639739990234e-02 2.755665034055709839e-02 4.989204406738281250e-01
5.274209752678871155e-02 4.310626536607742310e-02 3.491332828998565674e-01
8.791477978229522705e-02 -5.000605434179306030e-02 -2.779107391834259033e-01
2.238407582044601440e-01 -4.069308564066886902e-02 -1.282986104488372803e-01
2.443429082632064819e-03 1.667044758796691895e-01 4.078699648380279541e-01
4.763079434633255005e-02 -1.036747097969055176e-01 -4.894176125526428223e-02
-2.984440326690673828e-02 5.370138585567474365e-02 4.581166505813598633e-01
-8.844750002026557922e-03 9.195818752050399780e-02 -1.283107399940490723e-01
9.937114082276821136e-03 1.835977435111999512e-01 5.422365665435791016e-01
4.712623953819274902e-01 -9.981960989534854889e-03 1.298671513795852661e-01
-5.665347911417484283e-03 2.168125100433826447e-02 6.074705719947814941e-01
4.879823923110961914e-01 -6.451695412397384644e-02 -1.844721846282482147e-02
4.419806897640228271e-01 -2.984672971069812775e-02 -3.057572990655899048e-02
2.527101896703243256e-02 8.147567510604858398e-02 3.403834402561187744e-01
-3.324038535356521606e-02 -6.061850115656852722e-02 1.810668110847473145e-01
6.053899601101875305e-02 -3.164004767313599586e-03 2.946416735649108887e-01
2.295584827661514282e-01 -4.870656505227088928e-02 3.214600682258605957e-02
5.239557102322578430e-02 5.817161500453948975e-02 3.032182455062866211e-01
6.296470016241073608e-02 5.580655112862586975e-02 -6.696993112564086914e-02
7.370709627866744995e-02 2.358282729983329773e-02 1.006720811128616333e-01
-1.970186084508895874e-01 3.484242036938667297e-02 5.504665970802307129e-01
2.585802674293518066e-01 -5.114959552884101868e-02 -1.693778783082962036e-01
1.533430535346269608e-02 1.144652366638183594e-01 4.690323173999786377e-01
-5.608617141842842102e-02 -1.171460561454296112e-02 2.761023342609405518e-01
9.034048020839691162e-02 -3.369320183992385864e-02 -2.409187555313110352e-01
-4.934531822800636292e-02 -3.706319630146026611e-02 2.298407554626464844e-01
4.399224370718002319e-02 3.433822095394134521e-02 4.644408226013183594e-01
4.863364398479461670e-01 -3.761769039556384087e-03 1.124540865421295166e-01
2.075538784265518188e-01 -4.478212818503379822e-02 -1.078516766428947449e-01
1.722945719957351685e-01 -3.378849849104881287e-02 -1.225358396768569946e-01
2.929732501506805420e-01 -9.942972660064697266e-02 -2.425647825002670288e-01
-6.674107164144515991e-02 3.455046936869621277e-02 1.415625065565109253e-01
2.323307096958160400e-01 -3.010662458837032318e-02 -5.894777923822402954e-02
3.989244997501373291e-01 -1.430490892380475998e-02 -7.430768013000488281e-02
4.561883807182312012e-01 -7.369995862245559692e-02 -1.237920075654983521e-01
-5.092981830239295959e-02 6.634969264268875122e-02 6.801174581050872803e-02
2.768596708774566650e-01 -1.596824824810028076e-02 -1.600475907325744629e-01
2.239273786544799805e-01 4.262112826108932495e-02 5.424964427947998047e-01
4.613863527774810791e-01 -7.967758923768997192e-02 -4.235771298408508301e-02
1.291217631660401821e-03 2.044761180877685547e-01 6.093764901161193848e-01
2.007099390029907227e-01 -4.946893081068992615e-02 -5.901708826422691345e-02
6.114333868026733398e-01 7.093249820172786713e-03 1.622676104307174683e-01
-4.443240165710449219e-02 5.641297996044158936e-02 3.421161174774169922e-01
-1.917997561395168304e-02 4.024740308523178101e-02 5.460483431816101074e-01
2.194225043058395386e-01 -5.589703842997550964e-02 -4.105822741985321045e-02
4.755940139293670654e-01 -1.981472037732601166e-02 -1.010250598192214966e-01
1.113921180367469788e-01 -1.160631254315376282e-01 -1.414078027009963989e-01
2.104993760585784912e-01 -4.164604470133781433e-02 -1.466369181871414185e-01
-3.632449358701705933e-02 7.561067491769790649e-02 2.845056653022766113e-01
2.015105448663234711e-02 -1.009891033172607422e-01 -5.789086967706680298e-02
1.589532047510147095e-01 -2.765493467450141907e-02 -1.980098336935043335e-01
1.159836277365684509e-01 -1.184888184070587158e-01 -1.033814549446105957e-01
1.569606661796569824e-01 -5.834006518125534058e-02 -7.272230088710784912e-02
-6.083275005221366882e-02 -6.174471601843833923e-02 -5.061376467347145081e-02
2.768596708774566650e-01 -3.832802921533584595e-02 4.089585319161415100e-02
2.686296105384826660e-01 -3.379715979099273682e-02 8.062238804996013641e-03
1.030097343027591705e-02 -7.058121263980865479e-02 1.419090181589126587e-01
-6.014055758714675903e-02 -4.550984129309654236e-02 2.712132968008518219e-02
4.684034883975982666e-01 -1.686056144535541534e-02 4.340819269418716431e-02
1.870220452547073364e-01 -4.458287358283996582e-02 -1.609745472669601440e-01
7.208498716354370117e-01 3.169766813516616821e-02 2.191849797964096069e-01
4.725618958473205566e-01 -1.859320513904094696e-02 -5.077836290001869202e-02
1.417133957147598267e-01 -6.512337923049926758e-02 1.637893170118331909e-02
2.769672498106956482e-02 -8.461562544107437134e-02 -7.928903400897979736e-02
-2.344437390565872192e-01 3.966696932911872864e-02 6.335468888282775879e-01
2.530358135700225830e-01 -2.702252194285392761e-02 -5.093429982662200928e-02
-5.815061554312705994e-02 2.421610988676548004e-02 4.277953803539276123e-01
1.883424445986747742e-02 9.125645458698272705e-02 -1.732936501502990723e-01
-2.822438254952430725e-02 -4.779692739248275757e-02 2.720306217670440674e-01
1.230217795819044113e-02 1.296258717775344849e-01 3.999864161014556885e-01
8.706937544047832489e-03 1.509373933076858521e-01 5.625950694084167480e-01
4.676447436213493347e-02 4.813093692064285278e-02 3.868183195590972900e-01
5.256883800029754639e-02 2.463974244892597198e-02 3.836995661258697510e-01
1.348694562911987305e-01 -4.982412233948707581e-02 -2.120182663202285767e-01
2.526892721652984619e-01 -1.740634255111217499e-02 -1.528311222791671753e-01
-1.401669532060623169e-02 9.778852760791778564e-02 4.281418621540069580e-01
1.375550478696823120e-01 -5.356663092970848083e-02 -1.611478179693222046e-01
-5.620572343468666077e-02 5.937579646706581116e-02 1.889126934111118317e-02
-2.615386992692947388e-02 -3.757432475686073303e-02 3.262624144554138184e-01
4.457925260066986084e-01 -1.975407637655735016e-02 4.722001031041145325e-02
1.118462160229682922e-02 9.257327020168304443e-02 4.756654426455497742e-02
-5.385452136397361755e-02 -4.576110746711492538e-03 3.046043217182159424e-01
-1.040275767445564270e-01 -1.166695430874824524e-01 -8.962425589561462402e-02
2.360768057405948639e-02 -8.071716874837875366e-02 -9.783991612493991852e-03
8.644203096628189087e-02 -5.792423337697982788e-02 -9.394719451665878296e-02
-3.051147051155567169e-02 -5.386985093355178833e-02 2.345188856124877930e-01
1.593206636607646942e-02 9.730338305234909058e-02 4.505796432495117188e-01
1.196431182324886322e-02 6.694742478430271149e-03 5.663203001022338867e-01
-3.052013553678989410e-02 -1.818603277206420898e-02 3.920162320137023926e-01
3.342101871967315674e-01 -2.392975054681301117e-02 -9.959562122821807861e-02
1.577403545379638672e-01 3.157205134630203247e-02 5.419766902923583984e-01
-3.683562204241752625e-02 7.983832806348800659e-02 5.163824930787086487e-02
9.720536880195140839e-03 2.531634271144866943e-01 5.748102664947509766e-01
1.142719201743602753e-02 9.768456965684890747e-02 4.932893216609954834e-01
-3.684428706765174866e-02 7.964774221181869507e-02 1.662526875734329224e-01
3.628197312355041504e-02 -7.404649257659912109e-02 9.703354537487030029e-02
5.863309279084205627e-02 -2.416365779936313629e-02 2.558303773403167725e-01
3.472259268164634705e-02 8.369346708059310913e-02 2.070564776659011841e-01
5.118271708488464355e-02 6.451309472322463989e-02 2.775750756263732910e-01
-1.405344009399414062e-01 -5.613961443305015564e-02 -2.243230491876602173e-02
-2.972311899065971375e-02 -8.418245613574981689e-02 -5.064841732382774353e-02
4.548022449016571045e-01 -4.631551727652549744e-02 6.156336516141891479e-03
2.916737794876098633e-01 4.515078663825988770e-02 6.348463892936706543e-01
1.290650814771652222e-01 3.626231849193572998e-02 5.564442276954650879e-01
1.015160456299781799e-01 -3.086899034678936005e-02 -2.633565068244934082e-01
3.064012527465820312e-01 -1.998798549175262451e-02 -2.650400996208190918e-02
1.345229148864746094e-01 -6.001206487417221069e-02 -1.420223247259855270e-02
3.036499395966529846e-02 8.332961052656173706e-02 2.763622403144836426e-01
3.627122044563293457e-01 -1.934690400958061218e-02 -9.136556088924407959e-02
5.118271708488464355e-02 -6.443031877279281616e-02 1.163525357842445374e-01
2.773794531822204590e-01 -1.002960503101348877e-01 -1.696810871362686157e-01
-8.366034179925918579e-02 3.621033951640129089e-02 4.923363626003265381e-01
2.734152786433696747e-02 4.124367237091064453e-02 5.227442979812622070e-01
-8.268139511346817017e-02 2.904758974909782410e-02 5.300213694572448730e-01
2.908940911293029785e-01 -2.151271142065525055e-02 -4.071169719099998474e-02
3.440205752849578857e-02 8.354618400335311890e-02 2.437018752098083496e-01
1.675298064947128296e-01 -4.608161002397537231e-02 -5.500601604580879211e-02
-5.519992113113403320e-02 -3.870920464396476746e-02 1.061299145221710205e-01
-6.947864592075347900e-02 1.988969743251800537e-02 1.889126934111118317e-02
1.335699707269668579e-01 -3.793818131089210510e-02 -1.470874100923538208e-01
-1.896846690215170383e-03 3.103407025337219238e-01 6.322473883628845215e-01
5.126935243606567383e-02 2.257702872157096863e-02 4.198251962661743164e-01
-8.745859377086162567e-04 9.316237270832061768e-02 1.826261878013610840e-01
2.692360281944274902e-01 4.475227743387222290e-02 6.115423440933227539e-01
3.593544661998748779e-02 -5.012733489274978638e-02 2.495062798261642456e-01
4.412009716033935547e-01 -2.087163366377353668e-02 7.191020250320434570e-02
6.677651405334472656e-02 4.778440669178962708e-02 -1.528484523296356201e-01
4.789069667458534241e-02 -6.689935456961393356e-03 3.599623143672943115e-01
5.148383975028991699e-01 -4.463487770408391953e-03 9.270193427801132202e-02
-1.726540364325046539e-02 -7.759840786457061768e-02 4.340819269418716431e-02
1.138387527316808701e-02 1.183636859059333801e-01 5.017793178558349609e-01
4.919675290584564209e-01 -5.324609577655792236e-02 -1.226311326026916504e-01
9.573262184858322144e-03 2.981255650520324707e-01 5.952554345130920410e-01
4.009379073977470398e-02 8.111183345317840576e-02 2.027738280594348907e-02
1.514161974191665649e-01 -7.456628233194351196e-02 -2.598422206938266754e-02
4.927471280097961426e-01 -3.711517527699470520e-02 -3.750630840659141541e-02
2.317242771387100220e-01 -3.740106150507926941e-02 -1.569634824991226196e-01
1.054144874215126038e-01 2.800020761787891388e-02 4.850592315196990967e-01
-1.347091328352689743e-02 1.184503212571144104e-01 4.443421065807342529e-01
2.815378010272979736e-01 -1.481603924185037613e-02 -1.202747374773025513e-01
1.295848786830902100e-01 -6.001206487417221069e-02 -9.955231100320816040e-02
-6.345770508050918579e-02 -7.395985722541809082e-02 -7.237577438354492188e-02
6.209628582000732422e-01 1.850271597504615784e-02 1.372309029102325439e-01
1.337432265281677246e-01 -5.197260156273841858e-02 -1.895198673009872437e-01
-3.629491431638598442e-03 1.754543185234069824e-01 5.748968720436096191e-01
-6.947864592075347900e-02 1.988969743251800537e-02 -9.560187160968780518e-02
-6.755540519952774048e-02 3.086599893867969513e-02 9.244202077388763428e-02
2.837036252021789551e-01 4.574855044484138489e-02 5.923099517822265625e-01
6.824926286935806274e-02 -7.309353351593017578e-02 -9.550657868385314941e-02
-4.209420084953308105e-02 -6.178805138915777206e-03 3.694918751716613770e-01
3.182698786258697510e-01 -1.060571428388357162e-02 -9.975156188011169434e-02
6.677651405334472656e-02 4.778440669178962708e-02 -9.697358123958110809e-03
6.492916345596313477e-01 1.203995011746883392e-02 1.743094772100448608e-01
4.336639642715454102e-01 -5.336737632751464844e-02 -1.036846637725830078e-01
-4.742121696472167969e-02 7.085456699132919312e-02 -3.430091217160224915e-02
1.070814300328493118e-02 2.817520499229431152e-01 5.790551900863647461e-01
2.112790644168853760e-01 -2.996801957488059998e-02 -9.392987191677093506e-02
7.197444885969161987e-02 -9.063661098480224609e-03 5.605649203062057495e-02
1.959451735019683838e-01 -2.486537769436836243e-02 -1.612517833709716797e-01
1.353235449641942978e-02 2.000578790903091431e-01 5.216180682182312012e-01
-5.416726693511009216e-02 3.527298197150230408e-02 4.645273983478546143e-01
7.180119305849075317e-02 -9.037668816745281219e-03 -1.852142512798309326e-01
2.377228066325187683e-02 -2.852991968393325806e-02 3.906301558017730713e-01
4.407887533307075500e-02 3.130695968866348267e-02 5.055044889450073242e-01
1.387678980827331543e-01 -2.968213148415088654e-02 -2.102076560258865356e-01
6.784867048263549805e-01 1.592973805963993073e-02 1.787277311086654663e-01
-6.716556847095489502e-02 -4.064980428665876389e-03 1.990863084793090820e-01
-6.159150972962379456e-03 2.568885982036590576e-01 5.343530178070068359e-01
2.846565842628479004e-01 -2.973411045968532562e-02 -1.731810420751571655e-01
3.128120601177215576e-01 -4.867191240191459656e-02 1.516608614474534988e-02
2.528625428676605225e-01 -3.701121732592582703e-02 -1.037972867488861084e-01
7.249425351619720459e-02 -5.620024725794792175e-02 -2.508814632892608643e-01
-6.454927474260330200e-02 -2.006595209240913391e-02 3.119304776191711426e-02
7.249425351619720459e-02 2.927023358643054962e-02 -2.618837654590606689e-01
4.780196845531463623e-01 8.210772648453712463e-04 7.173693180084228516e-02
-6.016221269965171814e-02 3.179123252630233765e-02 2.762756347656250000e-01
-2.018132014200091362e-03 2.899821102619171143e-01 6.280024647712707520e-01
2.702099271118640900e-02 8.788646757602691650e-02 -1.446686387062072754e-01
-6.454927474260330200e-02 -2.006595209240913391e-02 6.676125805824995041e-03
3.457322716712951660e-01 -1.771822012960910797e-02 1.040131039917469025e-02
-7.025474682450294495e-03 4.046398401260375977e-02 6.155273914337158203e-01
-7.533006719313561916e-04 -7.118763029575347900e-02 1.660794168710708618e-01
9.276618808507919312e-02 -5.944030359387397766e-02 -1.812551617622375488e-01
-6.050961464643478394e-02 -2.828734926879405975e-02 1.864379942417144775e-01
1.116729062050580978e-02 9.257327020168304443e-02 1.091620549559593201e-01
4.000715911388397217e-02 -7.369995862245559692e-02 -2.345946133136749268e-01
4.678837060928344727e-01 3.593308618292212486e-03 1.889126934111118317e-02
-6.038832291960716248e-02 -3.726245090365409851e-02 -1.792743057012557983e-02
-5.620572343468666077e-02 5.937579646706581116e-02 -1.078690066933631897e-01
-6.967789679765701294e-02 1.182337105274200439e-02 1.660794168710708618e-01
-1.929468959569931030e-01 3.432782366871833801e-02 5.260363221168518066e-01
1.826904416084289551e-01 -3.917702287435531616e-02 -2.138548642396926880e-01
6.777936220169067383e-01 1.663145795464515686e-02 1.457208544015884399e-01
1.255341060459613800e-02 2.119264900684356689e-01 4.975342750549316406e-01
2.438527941703796387e-01 -3.310410305857658386e-02 -1.734062731266021729e-01
-1.724807545542716980e-02 -7.933105528354644775e-02 1.464629638940095901e-02
4.930937290191650391e-01 -6.200461462140083313e-02 -5.082168057560920715e-02
1.093995720148086548e-01 3.235347568988800049e-02 4.403570294380187988e-01
1.135788206011056900e-02 2.656384706497192383e-01 5.547981858253479004e-01
4.714356958866119385e-01 -1.744099520146846771e-02 -1.402897853404283524e-02
-8.411590941250324249e-03 1.163277868181467056e-02 5.772359371185302734e-01
-6.967789679765701294e-02 1.591241173446178436e-02 -3.014256805181503296e-02
2.588401734828948975e-01 -9.613770991563796997e-02 -2.250650674104690552e-01
-2.441256307065486908e-02 6.720735132694244385e-02 4.439955651760101318e-01
7.249425351619720459e-02 2.927023358643054962e-02 -2.128239274024963379e-01
3.550228476524353027e-02 8.431721478700637817e-02 -9.866866469383239746e-02
3.899147510528564453e-01 -3.520060330629348755e-02 3.968300670385360718e-02
-5.304104834794998169e-02 6.081389635801315308e-02 2.396301627159118652e-01
-4.686404019594192505e-03 3.184841275215148926e-01 5.995870232582092285e-01
5.922009944915771484e-01 1.066249888390302658e-02 1.536910235881805420e-01
3.473783135414123535e-01 -1.336928177624940872e-02 -1.784079521894454956e-02
2.206353545188903809e-01 -2.445820719003677368e-02 -1.165928691625595093e-01
2.165636271238327026e-01 -2.688390947878360748e-02 -2.111952602863311768e-01
5.384023785591125488e-01 -1.630613696761429310e-03 1.089021638035774231e-01
1.133189629763364792e-02 -8.322951197624206543e-02 -1.117674559354782104e-01
7.388036698102951050e-02 -1.925569631566759199e-05 -2.428246736526489258e-01
5.785340070724487305e-02 2.794302813708782196e-02 3.333662450313568115e-01
4.649382233619689941e-01 -3.498402237892150879e-02 3.526476770639419556e-02
1.108932588249444962e-02 1.590808331966400146e-01 4.244166910648345947e-01
1.888981787487864494e-03 3.276671469211578369e-01 5.709984302520751953e-01
-1.270855031907558441e-02 -9.951636195182800293e-02 -1.160327345132827759e-02
7.353382557630538940e-02 2.356290258467197418e-02 -1.078690066933631897e-01
6.296470016241073608e-02 -6.919508427381515503e-02 -1.855434477329254150e-01
1.568442909047007561e-03 -5.806284025311470032e-02 2.658797502517700195e-01
1.347828209400177002e-01 -4.851597547531127930e-02 -8.392385393381118774e-02
2.744339406490325928e-01 -4.951224476099014282e-02 -9.974290430545806885e-02
2.562412023544311523e-01 -3.887381032109260559e-02 -6.681398302316665649e-02
-8.319252729415893555e-02 3.136067092418670654e-02 5.618154406547546387e-01
2.643846273422241211e-01 -3.428230062127113342e-02 -1.199801936745643616e-01
-4.608435556292533875e-03 -6.711591035127639771e-02 2.065366655588150024e-01
4.823722317814826965e-02 2.431487105786800385e-02 4.441688656806945801e-01
7.537402212619781494e-03 3.366768956184387207e-01 6.183862686157226562e-01
6.003443598747253418e-01 1.820123381912708282e-02 8.845695108175277710e-02
-5.674012936651706696e-03 1.325713694095611572e-01 5.339198112487792969e-01
-8.694370836019515991e-02 3.841946274042129517e-02 4.727574884891510010e-01
-2.447320520877838135e-02 8.729736506938934326e-02 -3.430091217160224915e-02
1.953387558460235596e-01 -4.890581965446472168e-02 -7.923705130815505981e-02
5.130191445350646973e-01 -5.130558274686336517e-03 1.375774145126342773e-01
-3.817842155694961548e-02 4.408520832657814026e-02 4.233771264553070068e-01
2.714018523693084717e-01 -5.665074288845062256e-02 -1.457879245281219482e-01
-6.689700484275817871e-02 3.380023315548896790e-02 6.394002586603164673e-02
5.239557102322578430e-02 -9.700403362512588501e-02 -6.849465519189834595e-02
-1.153764054179191589e-01 2.863262221217155457e-02 4.728441536426544189e-01
3.793455958366394043e-01 -5.295156966894865036e-03 -6.699591875076293945e-02
3.012242354452610016e-02 8.655232936143875122e-02 1.126273497939109802e-01
-1.238403692841529846e-01 3.376731276512145996e-02 5.747236013412475586e-01
1.406081207096576691e-02 6.020747497677803040e-02 5.751568078994750977e-01
-5.090556293725967407e-02 6.633236259222030640e-02 1.824529170989990234e-01
-2.711548656225204468e-02 8.560804277658462524e-02 2.151132673025131226e-01
8.159063011407852173e-02 -4.868057370185852051e-02 -1.493051946163177490e-01
4.555819332599639893e-01 -3.157071024179458618e-02 -8.657779544591903687e-03
-2.954119257628917694e-02 4.237855598330497742e-02 4.788217842578887939e-01
4.360030293464660645e-01 -9.895359398797154427e-04 1.248049270361661911e-02
4.412876367568969727e-01 -8.881731890141963959e-03 8.863021433353424072e-02
2.967850863933563232e-01 -5.432033166289329529e-02 -1.520514339208602905e-01
5.412821099162101746e-02 6.731997430324554443e-02 1.538642942905426025e-01
8.392970263957977295e-02 -9.925647079944610596e-02 -9.210193902254104614e-02
1.630249172449111938e-01 -2.854724414646625519e-02 -1.735708862543106079e-01
-9.308592975139617920e-02 -6.980151683092117310e-02 5.447685452963924035e-06
2.223023027181625366e-02 7.166891545057296753e-02 4.574235677719116211e-01
-5.933907814323902130e-03 7.409461587667465210e-02 5.301946401596069336e-01
2.119063958525657654e-02 8.214274793863296509e-02 3.693186044692993164e-01
-8.646722882986068726e-02 -5.861729010939598083e-02 -8.291891962289810181e-02
3.064012527465820312e-01 -2.372183091938495636e-02 -1.987088471651077271e-03
4.901691526174545288e-02 3.686008229851722717e-02 4.045779109001159668e-01
1.043091714382171631e-02 1.997979730367660522e-01 4.647006988525390625e-01
7.275413721799850464e-02 -6.222121883183717728e-03 -1.402365267276763916e-01
3.358562290668487549e-01 -2.522057108581066132e-02 -7.499207556247711182e-02
6.374438852071762085e-02 3.182588517665863037e-02 5.400707721710205078e-01
4.626858234405517578e-01 -2.384311705827713013e-02 7.182356715202331543e-02
-1.197513341903686523e-01 3.759645670652389526e-02 5.257764458656311035e-01
1.751534491777420044e-01 -5.004069954156875610e-02 -2.251892536878585815e-02
1.177162602543830872e-01 3.845411539077758789e-02 4.728441536426544189e-01
4.477851092815399170e-01 -6.139819324016571045e-02 -7.618188392370939255e-03
5.447474494576454163e-02 6.751056015491485596e-02 -2.199913561344146729e-02
6.414946913719177246e-01 2.182506024837493896e-02 1.413892507553100586e-01
3.226881027221679688e-01 -1.558706816285848618e-02 -3.871916234493255615e-02
3.193303570151329041e-02 -3.385780379176139832e-02 3.394304811954498291e-01
3.951992988586425781e-01 -9.046333841979503632e-03 2.062391862273216248e-02
-6.209758296608924866e-02 -2.566239424049854279e-02 -1.214962452650070190e-01
5.646728724241256714e-02 -4.210519045591354370e-02 1.579359918832778931e-01
2.733077406883239746e-01 -4.656675085425376892e-02 -2.695940434932708740e-01
-5.025495588779449463e-02 6.568262726068496704e-02 2.155464291572570801e-01
4.159910380840301514e-01 -1.586429029703140259e-02 -1.553933019749820232e-03
-9.944979101419448853e-03 1.038614436984062195e-01 3.746898174285888672e-01
6.521713733673095703e-02 -3.444690257310867310e-02 -2.225903607904911041e-02
7.318730652332305908e-02 -3.276627976447343826e-03 2.864307956770062447e-03
6.591019034385681152e-02 4.243050236254930496e-03 2.678723037242889404e-01
4.789069667458534241e-02 -1.103453934192657471e-01 -2.321199513971805573e-02
-5.119565874338150024e-03 1.310986131429672241e-01 3.851722776889801025e-01
1.906606107950210571e-01 -4.231310635805130005e-02 -1.852229088544845581e-01
1.871086955070495605e-01 4.029938206076622009e-02 5.085365772247314453e-01
6.593113299459218979e-03 2.444135695695877075e-01 4.942422807216644287e-01
-6.856034696102142334e-02 -4.099632147699594498e-03 -1.283159404993057251e-01
1.573071926832199097e-01 -4.179331660270690918e-02 -2.285303622484207153e-01
-5.020681419409811497e-04 7.675422728061676025e-02 5.544516444206237793e-01
5.638065561652183533e-02 6.529278308153152466e-02 1.102016344666481018e-01
4.747845232486724854e-03 -1.326532103121280670e-02 4.907769858837127686e-01
4.510770440101623535e-01 -6.157144531607627869e-02 -1.094803586602210999e-01
2.925401031970977783e-01 -4.292820021510124207e-02 -2.305229008197784424e-01
8.436285704374313354e-02 -9.691739827394485474e-02 -1.356935352087020874e-01
-1.698160916566848755e-01 3.512310609221458435e-02 4.962348341941833496e-01
6.556367129087448120e-02 -4.956422746181488037e-02 -7.105896621942520142e-02
1.021433994174003601e-02 2.487451732158660889e-01 5.179795026779174805e-01
4.564483165740966797e-01 -1.776153594255447388e-02 -3.005593456327915192e-02
6.602938771247863770e-01 2.364347130060195923e-02 1.456342339515686035e-01
4.813117384910583496e-01 -6.819886155426502228e-03 1.074784528464078903e-02
2.696692049503326416e-01 -1.009891033172607422e-01 -2.427380532026290894e-01
2.409072965383529663e-01 -2.366985194385051727e-02 -9.601771086454391479e-02
3.015498518943786621e-01 -9.414516389369964600e-02 -2.061186134815216064e-01
3.221026062965393066e-02 1.592107489705085754e-02 4.847993552684783936e-01
3.033691048622131348e-01 -8.348939567804336548e-02 -2.682079076766967773e-01
-5.613368935883045197e-03 2.899821102619171143e-01 5.854660272598266602e-01
-4.851005971431732178e-03 1.917411834001541138e-01 5.504665970802307129e-01
3.830707967281341553e-01 -1.734569855034351349e-02 6.125443428754806519e-02
-6.888955086469650269e-02 1.592107489705085754e-02 1.945814341306686401e-01
1.013427823781967163e-01 -3.383181616663932800e-02 -2.182644456624984741e-01
1.956195570528507233e-02 8.762656897306442261e-02 3.950484097003936768e-01
-3.578737378120422363e-02 -9.934310615062713623e-02 -7.465420663356781006e-02
1.007363572716712952e-01 -6.737581640481948853e-02 -8.310084044933319092e-02
2.591000497341156006e-01 -4.793553799390792847e-02 -2.508814632892608643e-01
4.126123785972595215e-01 -1.121213752776384354e-02 5.934851989150047302e-02
2.658573985099792480e-01 -9.319221228361129761e-02 -2.691608667373657227e-01
-4.760786832775920630e-04 -7.941769063472747803e-02 5.146498233079910278e-02
-1.038889661431312561e-01 -6.529663503170013428e-02 -8.422707021236419678e-02
8.958170190453529358e-03 2.853906154632568359e-01 5.508997440338134766e-01
1.510905940085649490e-02 1.508507728576660156e-01 4.483272433280944824e-01
-2.571204490959644318e-02 -7.274701446294784546e-02 1.086422502994537354e-01
-6.648983806371688843e-02 -1.362051442265510559e-02 1.607082337141036987e-01
7.275413721799850464e-02 -6.222121883183717728e-03 -8.707726746797561646e-02
-4.932192713022232056e-02 2.809810079634189606e-02 3.623014092445373535e-01
4.875492751598358154e-01 -2.718712016940116882e-02 -8.876658976078033447e-02
2.522561252117156982e-01 -7.543260604143142700e-02 -2.676881253719329834e-01
2.895079851150512695e-01 -4.205321148037910461e-02 -2.009639889001846313e-01
5.594539642333984375e-01 1.852000132203102112e-03 1.649532020092010498e-01
1.463915407657623291e-01 3.263156488537788391e-02 5.870254039764404297e-01
1.159179117530584335e-02 1.202695891261100769e-01 3.839594423770904541e-01
8.912763744592666626e-02 3.550862148404121399e-02 5.137345194816589355e-01
6.417755782604217529e-02 5.332020297646522522e-02 7.975618354976177216e-03
1.951863802969455719e-02 2.530507743358612061e-02 5.645009875297546387e-01
2.847431898117065430e-01 -4.095298051834106445e-02 -1.565736383199691772e-01
1.301046758890151978e-01 -4.158539697527885437e-02 -1.288123428821563721e-01
3.983389586210250854e-02 8.077395707368850708e-02 1.797673106193542480e-01
3.176634609699249268e-01 -2.906703948974609375e-02 -5.887847766280174255e-02
-4.579339548945426941e-02 2.655951119959354401e-02 4.890443682670593262e-01
4.407887533307075500e-02 -7.933105528354644775e-02 -1.526491940021514893e-01
2.931465208530426025e-01 -3.328602761030197144e-02 -5.478943511843681335e-02
7.190873846411705017e-03 -2.474409155547618866e-02 4.358521699905395508e-01
-6.247009709477424622e-02 3.440405800938606262e-02 4.971877932548522949e-01
5.993257090449333191e-02 6.076190993189811707e-02 7.728140056133270264e-02
-2.422406375408172607e-01 4.371269419789314270e-02 6.036587953567504883e-01
5.391820669174194336e-01 -1.517993747256696224e-03 1.567231416702270508e-01
-4.552916809916496277e-02 -3.317340835928916931e-02 2.665728032588958740e-01
9.224639832973480225e-02 -6.269767135381698608e-02 -5.905174463987350464e-02
1.055877506732940674e-01 -4.561379924416542053e-02 -1.369800269603729248e-01
-1.523163914680480957e-01 -5.123622715473175049e-02 -3.828600049018859863e-02
2.854362726211547852e-01 -1.731104776263237000e-02 -7.972219586372375488e-02
5.050489902496337891e-01 7.448443211615085602e-03 5.146498233079910278e-02
1.755208894610404968e-02 8.672559261322021484e-02 3.246163725852966309e-01
8.895436674356460571e-02 -1.167561784386634827e-01 -8.944232016801834106e-02
5.302589535713195801e-01 -1.838532625697553158e-03 7.624180614948272705e-02
-3.394210711121559143e-02 -3.722779452800750732e-02 2.994930446147918701e-01
1.885157451033592224e-02 9.125645458698272705e-02 -9.697358123958110809e-03
1.114787533879280090e-01 -9.778372198343276978e-02 -1.405016183853149414e-01
2.853496074676513672e-01 -9.145956486463546753e-02 -1.516096144914627075e-01
1.380748450756072998e-01 3.042937442660331726e-02 5.381648540496826172e-01
3.283760277554392815e-03 2.772471904754638672e-01 6.410838961601257324e-01
-2.951519936323165894e-02 -7.603903114795684814e-02 6.783848255872726440e-02
-1.154630258679389954e-01 3.579450771212577820e-02 5.586100220680236816e-01
-1.859087683260440826e-02 8.984435349702835083e-02 -5.436493828892707825e-02
8.869446814060211182e-02 -6.443031877279281616e-02 -1.404357850551605225e-01
6.772947311401367188e-02 4.487356543540954590e-02 1.143599972128868103e-01
1.545349657535552979e-01 4.067189991474151611e-02 5.016926527023315430e-01
1.708218157291412354e-01 3.262896463274955750e-02 5.546249747276306152e-01
-7.380665279924869537e-03 1.914812773466110229e-01 4.648739397525787354e-01
7.171455770730972290e-02 -8.699805475771427155e-03 -5.863590538501739502e-02
7.665259391069412231e-02 2.607697062194347382e-02 4.563840329647064209e-01
4.204958677291870117e-01 -5.589706357568502426e-03 3.517813235521316528e-02
-5.542863160371780396e-02 2.796122059226036072e-02 3.169927597045898438e-01
6.938205361366271973e-01 1.859367825090885162e-02 1.620943546295166016e-01
7.121570874005556107e-03 9.284183382987976074e-02 -8.332609385251998901e-02
-2.528754808008670807e-02 5.042668804526329041e-02 4.951952397823333740e-01
-4.079977516084909439e-03 1.386356204748153687e-01 5.586100220680236816e-01
-1.807317435741424561e-01 3.430876135826110840e-02 5.913569927215576172e-01
6.088552996516227722e-02 4.245652630925178528e-02 2.873645424842834473e-01
-6.947864592075347900e-02 1.988969743251800537e-02 -5.879184231162071228e-02
-4.894322715699672699e-03 9.280717372894287109e-02 1.293473541736602783e-01
9.701115638017654419e-02 -9.111303091049194336e-02 -1.236447244882583618e-01
2.443725913763046265e-01 4.392927139997482300e-02 5.872852802276611328e-01
-2.298522144556045532e-01 3.696404024958610535e-02 5.709118247032165527e-01
8.358316868543624878e-02 -1.142438426613807678e-01 -1.248922348022460938e-01
6.642999500036239624e-02 -1.584696210920810699e-02 2.230834513902664185e-01
4.078684747219085693e-02 -6.257092900341376662e-05 4.153203368186950684e-01
4.775865674018859863e-01 -2.157335542142391205e-02 -3.343458846211433411e-02
-6.454927474260330200e-02 -2.006595209240913391e-02 -4.244434460997581482e-02
1.043957937508821487e-02 1.099863424897193909e-01 5.259496569633483887e-01
5.975930392742156982e-02 6.070993840694427490e-02 -9.013538062572479248e-02
9.963107295334339142e-03 7.308968156576156616e-02 5.387712717056274414e-01
1.949055939912796021e-01 -2.977742813527584076e-02 -1.184814423322677612e-01
4.263868629932403564e-01 -4.610781616065651178e-04 -4.045180231332778931e-02
1.695223450660705566e-01 -4.988476261496543884e-02 -1.302556395530700684e-01
-6.777199357748031616e-02 -7.764175068587064743e-03 -5.879184231162071228e-02
8.124409615993499756e-02 3.276584297418594360e-02 5.459617376327514648e-01
-6.068114563822746277e-02 -6.183134764432907104e-02 -2.607085555791854858e-02
-4.348537418991327286e-03 1.100036725401878357e-01 5.463082790374755859e-01
1.874760910868644714e-02 1.016783192753791809e-01 4.237236678600311279e-01
-7.879554177634418011e-04 -3.472412750124931335e-02 3.905434906482696533e-01
1.383347362279891968e-01 -2.704851143062114716e-02 -2.389262169599533081e-01
1.996703594923019409e-01 -4.582171514630317688e-02 -1.437550038099288940e-02
2.765997946262359619e-01 -3.863990306854248047e-02 -1.368244364857673645e-02
-8.740792050957679749e-03 5.215933546423912048e-02 5.993271470069885254e-01
2.325039654970169067e-01 -3.853594511747360229e-02 -9.957259520888328552e-03
2.172775939106941223e-02 9.044211357831954956e-02 -1.255852878093719482e-01
3.305716514587402344e-01 -2.509061992168426514e-02 3.855678439140319824e-02
-2.460315264761447906e-02 1.618963479995727539e-02 5.012594461441040039e-01
4.962333664298057556e-02 -8.270970731973648071e-02 -4.755564406514167786e-02
8.904100209474563599e-02 -5.732647329568862915e-02 -2.101036906242370605e-01
-2.041015401482582092e-02 4.862473905086517334e-02 5.302813053131103516e-01
-3.581336140632629395e-02 7.159960269927978516e-02 3.259158730506896973e-01
-6.301588565111160278e-02 -5.264833569526672363e-02 -1.283410638570785522e-01
1.559777650982141495e-03 1.373361349105834961e-01 5.804413557052612305e-01
-4.669076297432184219e-03 -8.002411574125289917e-02 -1.608705967664718628e-01
-9.624440222978591919e-03 1.252942681312561035e-01 4.050111174583435059e-01
3.801252841949462891e-01 -8.422580547630786896e-03 -1.013052649796009064e-02
3.095200061798095703e-01 -2.741236425936222076e-02 -1.117847785353660583e-01
1.874551922082901001e-01 -2.383445389568805695e-02 -2.060579657554626465e-01
-3.766729310154914856e-02 -5.723984166979789734e-02 1.565498709678649902e-01
7.338148541748523712e-03 2.326315939426422119e-01 6.036587953567504883e-01
3.067477941513061523e-01 -4.888849705457687378e-02 4.747991263866424561e-02
-6.209758296608924866e-02 -2.566239424049854279e-02 1.279612481594085693e-01
-1.478981375694274902e-01 3.134940564632415771e-02 5.463948845863342285e-01
-1.320235338062047958e-02 -9.795697778463363647e-02 -7.707991451025009155e-02
6.920222193002700806e-02 4.237855598330497742e-02 5.432385578751564026e-02
4.592204988002777100e-01 -1.358586270362138748e-02 -6.275960057973861694e-02
7.734564691781997681e-02 -3.755699843168258667e-02 -2.100343853235244751e-01
-4.341100901365280151e-02 -4.680065810680389404e-02 2.162394970655441284e-01
3.340369164943695068e-01 -2.906703948974609375e-02 -5.712285637855529785e-03
2.494838833808898926e-01 -7.785831391811370850e-02 -1.812551617622375488e-01
-8.576190099120140076e-03 1.059146299958229065e-01 4.809009432792663574e-01
-4.910447821021080017e-02 6.869743019342422485e-02 -1.323980540037155151e-01
1.570682041347026825e-02 1.478186398744583130e-01 4.814206957817077637e-01
-1.695352606475353241e-02 -1.242498960345983505e-02 4.586364328861236572e-01
-4.446099326014518738e-02 -9.674413502216339111e-02 -4.175128787755966187e-02
-1.642018905840814114e-04 2.115799635648727417e-01 4.559508264064788818e-01
2.490716055035591125e-02 -1.001661550253629684e-02 4.560374915599822998e-01
7.110812515020370483e-02 -1.237301062792539597e-02 -2.305229008197784424e-01
4.652847051620483398e-01 -6.863244925625622272e-04 5.960842221975326538e-02
-3.933063149452209473e-02 -2.813141234219074249e-02 3.136140704154968262e-01
2.915005087852478027e-01 -9.968962520360946655e-02 -1.813071370124816895e-01
-6.777199357748031616e-02 -7.764175068587064743e-03 7.208345085382461548e-02
6.192512065172195435e-02 2.404197864234447479e-02 3.047776222229003906e-01
2.937738783657550812e-02 -5.801086872816085815e-02 2.270685285329818726e-01
4.468530043959617615e-02 7.751659303903579712e-02 5.397732183337211609e-02
-5.453850026242434978e-04 -8.383592963218688965e-02 -2.624412253499031067e-02
-4.963553696870803833e-02 5.329421907663345337e-02 3.090225756168365479e-01
4.612130522727966309e-01 2.882924629375338554e-03 -1.784079521894454956e-02
-1.298577245324850082e-02 -9.778372198343276978e-02 -2.910298295319080353e-02
2.482710480690002441e-01 -3.591964766383171082e-02 -1.364186406135559082e-01
-6.315090693533420563e-03 8.131108433008193970e-02 5.134746432304382324e-01
-1.357523053884506226e-01 3.932043910026550293e-02 4.770891070365905762e-01
1.353026032447814941e-01 -5.732647329568862915e-02 -1.159257963299751282e-01
4.615804553031921387e-02 5.964436009526252747e-02 3.461011648178100586e-01
1.816717907786369324e-02 -1.015089079737663269e-01 -3.334796428680419922e-02
-4.093332961201667786e-02 2.234571985900402069e-02 4.316938221454620361e-01
-1.588795334100723267e-02 9.079731255769729614e-02 -1.443281620740890503e-01
2.159572094678878784e-01 -2.222309447824954987e-02 -1.569981426000595093e-01
-6.024537980556488037e-02 5.180414021015167236e-02 -5.625652149319648743e-03
-2.586798369884490967e-02 -1.117315068840980530e-01 -3.178858011960983276e-02
8.540245145559310913e-02 -3.168333694338798523e-02 -2.838017344474792480e-01
3.916473686695098877e-01 -2.048178762197494507e-02 -4.932595416903495789e-03
-1.347040385007858276e-01 -7.465291768312454224e-02 -5.061376467347145081e-02
-6.445397436618804932e-02 -1.059200531017268077e-05 2.395435720682144165e-01
7.968471944332122803e-02 -3.342463821172714233e-02 -2.592847943305969238e-01
3.922747448086738586e-02 -1.059271469712257385e-01 -1.678197004366666079e-04
3.409884497523307800e-02 3.595910966396331787e-02 4.888710677623748779e-01
-2.997435070574283600e-02 -9.787035733461380005e-02 -1.333592180162668228e-02
1.055877506732940674e-01 -3.457685187458992004e-02 -1.979751735925674438e-01
7.050170004367828369e-02 -1.607220619916915894e-02 8.845695108175277710e-02
5.638065561652183533e-02 -7.014804333448410034e-02 8.577134460210800171e-02
6.861669942736625671e-03 -4.291086643934249878e-02 3.455814123153686523e-01
-1.550886183977127075e-01 3.148715198040008545e-02 5.149473547935485840e-01
-6.058931350708007812e-02 -5.775962769985198975e-02 1.481956429779529572e-02
4.867038503289222717e-02 7.327160239219665527e-02 -2.237655967473983765e-01
4.041224122047424316e-01 -2.401641802862286568e-03 -3.837262466549873352e-02
1.518493741750717163e-01 -3.346795588731765747e-02 -1.511071473360061646e-01
5.430147796869277954e-02 6.748457252979278564e-02 -1.119580492377281189e-01
5.440901964902877808e-03 3.346843421459197998e-01 6.526060104370117188e-01
-2.506230399012565613e-02 -6.521000713109970093e-02 1.406095623970031738e-01
-1.031750068068504333e-02 1.587343066930770874e-01 4.566439092159271240e-01
8.680945262312889099e-03 2.976923882961273193e-01 5.631149411201477051e-01
1.526499632745981216e-02 -8.418245613574981689e-02 -9.135690331459045410e-02
3.633186221122741699e-01 -7.036467082798480988e-03 -5.478943511843681335e-02
-6.967789679765701294e-02 1.591241173446178436e-02 7.615517079830169678e-02
6.746957451105117798e-02 -4.969417303800582886e-02 -1.318626701831817627e-01
4.454459547996520996e-01 -3.588501596823334694e-03 5.527679994702339172e-02
2.602262794971466064e-01 -2.140008658170700073e-02 -8.571714162826538086e-02
3.268674015998840332e-02 -4.562246054410934448e-02 2.800874114036560059e-01
1.096594706177711487e-01 -3.748768940567970276e-02 -1.780411005020141602e-01
3.630288643762469292e-03 1.012278199195861816e-01 5.634614825248718262e-01
4.532428979873657227e-01 -3.781689330935478210e-02 -1.082588508725166321e-01
1.173040363937616348e-02 2.484852820634841919e-01 5.567041039466857910e-01
-6.834883242845535278e-03 -7.040794193744659424e-02 1.399164795875549316e-01
-8.832511957734823227e-04 9.329231083393096924e-02 3.526476770639419556e-02
4.359164834022521973e-01 -4.139480367302894592e-02 -1.158824861049652100e-01
2.506101131439208984e-01 -8.504877984523773193e-02 -2.386663407087326050e-01
2.242739051580429077e-01 4.186742752790451050e-02 6.075572371482849121e-01
1.650384068489074707e-02 1.346505433320999146e-01 4.683392345905303955e-01
5.386831611394882202e-02 8.254121989011764526e-03 3.538114428520202637e-01
8.895436674356460571e-02 2.723611146211624146e-02 4.726708531379699707e-01
-5.457096919417381287e-02 -2.658936008810997009e-02 2.449147254228591919e-01
-1.609586738049983978e-02 2.026134915649890900e-02 5.543650388717651367e-01
4.516834616661071777e-01 -2.807943336665630341e-02 1.086422502994537354e-01
2.364890426397323608e-01 -4.959887638688087463e-02 -3.014256805181503296e-02
7.414025068283081055e-02 1.977014541625976562e-02 7.208345085382461548e-02
-5.788118764758110046e-02 -6.624958664178848267e-02 6.636573374271392822e-02
-7.070882618427276611e-02 3.410431370139122009e-02 4.113352298736572266e-01
3.341235816478729248e-01 -2.751632221043109894e-02 -3.421428054571151733e-02
-5.405453033745288849e-03 2.737818956375122070e-01 5.799216032028198242e-01
6.654052138328552246e-01 1.444832701236009598e-02 2.066233158111572266e-01
-5.039703473448753357e-02 -8.218991756439208984e-02 -1.084581017494201660e-01
3.323042690753936768e-01 -2.926629409193992615e-02 6.281381845474243164e-02
-1.587062515318393707e-02 9.081463515758514404e-02 -7.481013983488082886e-02
-4.972291179001331329e-03 -7.690535485744476318e-02 6.775184720754623413e-02
5.350236892700195312e-01 -1.838561584008857608e-04 4.349482432007789612e-02
-1.077874153852462769e-01 -6.443031877279281616e-02 -1.428886596113443375e-02
-8.485964499413967133e-04 9.299776703119277954e-02 -1.610265374183654785e-01
5.551433190703392029e-02 -7.768504321575164795e-02 3.110641427338123322e-02
6.045236065983772278e-02 3.600242361426353455e-02 4.277953803539276123e-01
-2.763167489320039749e-03 -7.430639117956161499e-02 9.330835938453674316e-02
-6.856034696102142334e-02 -4.099632147699594498e-03 1.251890212297439575e-01
-5.220331624150276184e-02 8.132837712764739990e-03 3.334528803825378418e-01
-1.297711022198200226e-02 1.304055601358413696e-01 4.564706087112426758e-01
-1.733680069446563721e-01 -5.272629857063293457e-02 1.911350176669657230e-03
3.919072449207305908e-01 -2.954351902008056641e-02 9.443458169698715210e-02
7.336057722568511963e-02 -3.285289974883198738e-03 1.337656080722808838e-01
1.203152388334274292e-01 -3.124151192605495453e-02 -2.734924852848052979e-01
2.702099271118640900e-02 8.788646757602691650e-02 -1.978279054164886475e-01
-1.317636389285326004e-02 -8.409583568572998047e-02 -6.710853427648544312e-02
6.426417827606201172e-02 -3.179595619440078735e-02 -5.336866527795791626e-02
