1.186587402810480585e+00 1.678343639947273758e+00 1.453183680530222732e+00
2.048159993352042463e+00 1.894430928882186560e+00 7.162023942377880870e-01
1.897047747519584604e+00 9.527496863494320234e-01 1.171144035301917574e+00
1.912764490398713990e+00 2.105190581088483004e+00 1.521838449414823824e+00
1.787308110875922340e+00 1.321401301595927613e+00 1.892759653521771224e+00
1.016024934440887151e+00 1.177374710712792094e+00 1.817012788956578362e+00
1.986763726636808336e+00 1.528857311530215313e+00 1.329445711930643315e+00
1.199477934998024908e+00 2.137355791063085153e+00 1.207482900144993154e+00
1.616955348304750295e+00 1.759072875418845161e+00 1.667000737646736841e+00
1.993299491749380037e+00 1.482154596486043641e+00 8.905970915757128736e-01
1.559939653106937607e+00 1.431941654761628824e+00 1.315277441904372457e+00
1.378287263761502901e+00 1.410588029877304361e+00 1.769165865753447475e+00
1.806048967641922021e+00 1.292025435208184581e+00 1.110154119024671759e+00
1.917851702036981854e+00 1.787226897630483702e+00 1.508145690186258880e+00
1.087783063683039897e+00 1.421597629922499939e+00 1.611577975399204554e+00
1.490857651013866692e+00 1.733859376909144157e+00 1.384471248782819242e+00
1.769409433426179401e+00 1.512107255686888641e+00 1.548136601188993433e+00
1.757726724986016009e+00 1.579884933989391227e+00 1.160326738455886408e+00
1.077636116748538653e+00 1.031797070883085032e+00 1.578078261936512794e+00
1.467062605608507875e+00 1.613134745885240751e+00 1.130422983148607452e+00
1.856676250921381000e+00 1.666765188320680657e+00 1.755893224690113552e+00
1.407465496501423718e+00 1.612419096458297396e+00 1.599668272833289384e+00
1.326816582184784377e+00 1.495570200966582552e+00 1.365914146852085453e+00
1.742778734407604446e+00 1.691631890888615208e+00 1.383996047244864691e+00
1.791949468176446070e+00 1.402336566088836500e+00 1.334350025969455622e+00
2.014234924756983958e+00 1.712250543481477205e+00 8.530823327922408827e-01
1.996201126487398447e+00 1.574438009061349231e+00 1.105381768223822281e+00
1.331509863798010729e+00 1.867671292410747252e+00 1.478309368667261259e+00
1.763133305060075928e+00 1.398247637746789618e+00 9.147707026291724830e-01
1.563814772235460726e+00 1.356652751299059600e+00 1.884081248357278859e+00
1.155063007401787578e+00 1.361642209175305540e+00 1.809357845770698026e+00
1.939761696976219252e+00 2.280698482874318422e+00 1.403436713433926286e+00
1.182512297408027990e+00 1.946725892315292805e+00 1.297987609862913727e+00
1.755101619526588053e+00 1.480553800543107590e+00 1.755737798017610318e+00
1.980554840913018921e+00 1.301845659670976874e+00 9.937676541151957421e-01
1.141489328794659697e+00 1.229715295854744594e+00 1.553349066972544712e+00
1.148690695647877735e+00 1.402471412887434488e+00 1.414558505816218004e+00
1.788644264893245683e+00 1.875305867066911603e+00 1.637087093110352276e+00
1.559024077557205734e+00 1.520089285965482651e+00 1.494578180693513003e+00
1.312768967167096790e+00 1.720715854439571757e+00 1.297230102395372953e+00
1.515464898177081077e+00 1.877102659499915172e+00 1.548978304960151764e+00
1.946705275235872890e+00 1.372753597488440613e+00 1.217200898122864139e+00
1.906113239552733374e+00 1.129936656467748213e+00 1.072293104159498300e+00
1.936341330265853644e+00 1.591562916437703867e+00 1.511508543128342819e+00
1.009319782288245371e+00 1.002321406702128881e+00 1.750928120431306967e+00
1.614369834290024786e+00 1.647922464984042490e+00 1.250977729873615329e+00
1.983111123476229531e+00 1.707507371877496682e+00 1.361711222993183590e+00
1.655695859625879507e+00 1.351671005864472530e+00 1.183701739294938271e+00
1.594604500337037933e+00 1.542481463954609389e+00 1.028990084519916248e+00
1.406792412574463302e+00 1.416891241700952930e+00 1.232555216840629297e+00
1.633898992497174074e+00 1.587817977640157752e+00 1.645285425137368751e+00
1.004389971192335418e+00 1.185736057784114728e+00 1.646027973220686391e+00
1.836683757632437297e+00 1.504930056399321092e+00 1.034654394493819574e+00
1.624661513883974839e+00 1.758252403970631095e+00 1.479432552036676451e+00
1.141529402957343287e+00 1.801759093476677176e+00 1.359008284304418002e+00
1.917227072869481574e+00 1.947646871331347507e+00 1.556333205508057871e+00
1.761208730466393924e+00 1.021746728311189401e+00 1.100769690916925336e+00
1.208442239212898395e+00 2.272004449486620725e+00 1.125913331550111751e+00
1.843755023020236861e+00 1.626928299539460054e+00 1.285530623207526091e+00
1.292440880214527299e+00 1.572908760296225061e+00 1.495766293957780491e+00
1.465099430967127248e+00 1.750487001699441381e+00 1.635103358295767917e+00
1.317132590493698130e+00 1.731909298160536181e+00 1.567113527885529267e+00
1.690666551413873453e+00 1.464088345284668247e+00 1.425029816910088565e+00
1.894732374542281939e+00 1.764842548985613213e+00 1.651897882738719181e+00
1.120028068106183161e+00 1.547978179647298891e+00 1.461501126954388052e+00
1.877157280918462012e+00 1.465639250808434602e+00 1.461235572127328242e+00
1.109384646058201973e+00 1.274361177462867589e+00 1.694793967966979897e+00
1.995407502294833213e+00 1.641881153261991688e+00 1.231417639867348646e+00
1.955301714059023199e+00 1.437325248283956913e+00 1.076316332119844121e+00
1.644137025890219928e+00 1.889016431468351076e+00 1.616988048688169366e+00
1.852082843350305597e+00 1.592279925662048790e+00 1.636307516309585708e+00
1.180963842588773849e+00 1.270726517608544048e+00 1.402879844109306662e+00
1.758705105554433157e+00 1.740991244671806104e+00 1.697812248023562898e+00
1.677217316105828804e+00 1.378937970954779768e+00 1.801617257635290237e+00
1.469551634401952134e+00 1.488684551588140170e+00 1.400115559417038691e+00
1.856993993166060619e+00 1.480951145944585212e+00 8.665038265813395091e-01
1.940605615030145614e+00 1.605445057834911982e+00 8.849104173895672165e-01
1.927894600419151949e+00 1.410433104950414851e+00 1.350538158547096579e+00
1.791360347554580734e+00 1.753008123249283567e+00 1.525641763395090722e+00
1.729332194720593519e+00 1.284918660397627255e+00 9.887846199188780050e-01
1.271610836442023995e+00 1.825937474626270429e+00 1.363902195028833253e+00
1.159765632022548454e+00 1.681043539801120756e+00 1.294022759084352048e+00
1.076689731378068116e+00 1.110198883840322948e+00 1.723114462437555172e+00
1.864355006159011507e+00 1.331154483905373720e+00 9.551523008765190337e-01
1.164965233458556293e+00 1.352840206323127292e+00 1.533320041624680830e+00
1.436579433139775652e+00 1.692056023595716496e+00 1.280785908001069284e+00
1.746869063031519786e+00 1.618352672424914429e+00 1.711345038389934903e+00
1.882882714173200078e+00 1.692724301040282819e+00 1.433099812624072156e+00
1.425683065862968668e+00 1.788487225275957604e+00 1.473871784600176316e+00
1.259704237308981067e+00 1.425481052400794812e+00 1.798833660071002871e+00
1.516235135147730118e+00 1.396003942117736596e+00 1.777511398021464739e+00
1.715069255346599597e+00 1.525883990489786735e+00 1.035505394855356309e+00
1.436903697874846619e+00 1.544591030679820287e+00 1.503327015479243745e+00
1.795904379177539756e+00 1.348903606205243966e+00 1.225413562166968617e+00
1.992468097142918060e+00 1.797828264250089791e+00 7.634790408958097574e-01
1.924889331341349541e+00 1.315015408879986358e+00 1.106016865767766921e+00
1.606206338308932002e+00 1.706102153949785816e+00 1.366645276850749990e+00
1.902389975972919034e+00 1.565076379981432453e+00 1.179346179924669613e+00
1.622117925939421612e+00 1.304611415886054893e+00 1.068291213147536833e+00
1.879838454190769559e+00 1.231024558000918923e+00 1.017555347368289675e+00
1.261530237914923802e+00 1.767919817661461002e+00 1.466844385307172427e+00
1.503249168482766018e+00 1.643756689477799737e+00 1.664248537243103065e+00
1.213307171013113139e+00 1.513132248082064590e+00 1.343363543496861379e+00
1.960698131716150705e+00 1.529858992274330198e+00 9.909416433672383340e-01
1.210841251283097053e+00 2.022891313970045957e+00 1.216505152974182158e+00
1.983037963849418661e+00 1.481597003725479089e+00 1.206087834307146833e+00
1.685462547804559064e+00 1.399300491469055219e+00 1.291435266150348760e+00
1.902272329551755181e+00 1.883809459613629000e+00 1.651773514159520007e+00
1.844078936347251618e+00 1.552720571165450592e+00 1.753658396233950700e+00
1.696979905098400021e+00 1.794928693270962494e+00 1.578516885841550144e+00
1.845813111170041987e+00 1.056427019083985508e+00 1.169597272266041044e+00
1.445435664862981806e+00 1.358141124206907024e+00 1.858640521542179513e+00
1.056666987458332096e+00 1.292709600841759787e+00 1.595219141937756602e+00
1.650029099063677451e+00 1.580419211845727645e+00 1.125270017215767693e+00
1.731615492029100922e+00 1.643081336705925821e+00 1.280505068726988771e+00
9.024910247936179797e-01 9.571791208163149545e-01 1.771832735872145737e+00
1.106392468639313176e+00 1.135461842061673554e+00 1.612749233235242219e+00
1.530244549968003964e+00 1.388011413532931559e+00 1.215972176743582711e+00
1.890829412425551359e+00 1.691848930326530498e+00 1.561254014552289515e+00
1.297758055056639659e+00 1.451909500579813717e+00 1.267032907257223728e+00
1.084283022744892966e+00 1.379473348218733353e+00 1.723766529383478963e+00
1.682269397786520848e+00 9.927438489508508823e-01 1.178579057491695670e+00
1.369335748515567941e+00 1.754606094095203961e+00 1.385654673532873860e+00
1.343936679704751169e+00 1.668537398298296726e+00 1.201352814983730033e+00
1.139628893621281058e+00 1.603519876362970109e+00 1.369406391565963776e+00
1.512077517006156668e+00 1.569559560466331716e+00 1.579578928476391031e+00
1.762174099627626278e+00 1.419486830948726963e+00 1.853807405697522004e+00
1.923503839259509629e+00 2.168418244945337303e+00 1.436858259738907018e+00
9.572202955053831230e-01 1.097833059669811373e+00 1.778469633551283735e+00
1.192246411414082718e+00 1.841737248967170171e+00 1.274896569221890763e+00
1.665639641775073398e+00 1.523338843334558934e+00 1.537356924066977770e+00
1.963591588446651492e+00 1.604785084191091116e+00 1.411174161465312382e+00
1.654276640464075632e+00 1.671130999571417641e+00 1.710869059670673487e+00
1.098578484712018133e+00 1.442596939957762725e+00 1.496494837193280025e+00
1.969515035558345950e+00 1.391157606725255125e+00 9.347427251647749680e-01
1.514009569524816357e+00 1.651901955956094792e+00 1.224843256857055973e+00
1.594631767676088385e+00 1.806361073690926577e+00 1.567514548230502403e+00
1.026192314648249004e+00 1.261586035412926687e+00 1.759265000583156713e+00
1.873240132884765208e+00 1.526517184000239835e+00 1.559322353491705115e+00
1.429609094210523956e+00 1.821610659508028585e+00 1.570395301941539090e+00
1.853404938139805003e+00 2.023134963024289412e+00 1.531961873727494927e+00
1.851810772110618286e+00 1.836580090907552698e+00 1.569875869790770651e+00
1.796852855567351748e+00 9.711882665336918352e-01 1.176354294931165612e+00
1.220939559121348550e+00 1.752146839959569657e+00 1.319616627979693257e+00
1.214184856001149670e+00 1.565457440673232670e+00 1.440046156515084164e+00
1.892219086522291871e+00 1.454884314397923095e+00 9.512904648167789246e-01
1.300904328966905110e+00 1.638195574599345061e+00 1.574316735219374097e+00
1.518701566722890473e+00 1.781482855778640628e+00 1.491123690286548564e+00
1.685202735063942914e+00 1.338556315423046650e+00 1.886766161880831350e+00
1.713712711550424705e+00 1.297503848443456675e+00 1.092164204030679819e+00
1.050194869392062857e+00 1.018436288826859215e+00 1.668032128643690992e+00
1.640374407717484662e+00 1.496864556304946525e+00 9.515029595344809410e-01
1.567454844339528419e+00 1.609420521645386959e+00 1.156879526229960931e+00
1.135467395180803418e+00 1.342747866063550344e+00 1.620477360892417673e+00
1.795958970568698021e+00 1.473797831220084120e+00 9.567416622448846608e-01
1.121836379444798970e+00 1.105532988636173330e+00 1.526976593889065592e+00
1.721480949988057452e+00 1.561604374355743285e+00 1.633213330801574603e+00
1.871869095793500470e+00 1.368549653526963894e+00 1.271234204134174872e+00
1.855913202378317139e+00 1.199568821058516699e+00 1.100842937846978176e+00
1.382357978108261776e+00 1.520583678461837396e+00 1.436115433530896990e+00
1.952080224292639388e+00 1.515318575221250796e+00 1.459743468894976859e+00
1.932166201664055727e+00 1.635047531186612391e+00 1.333058470436395693e+00
1.436319064605179996e+00 1.456792895794233100e+00 1.323797314589341134e+00
1.597306952305445282e+00 1.413361237642133617e+00 1.818950313487507353e+00
1.706286833562607796e+00 1.733069675194875758e+00 1.455402191048367211e+00
1.682184578343449255e+00 1.612453703172572528e+00 1.201276607916605510e+00
1.303224248654441197e+00 1.349843985916346245e+00 1.783265783956675232e+00
1.726723397450548037e+00 1.819324960925011725e+00 1.666371301388294590e+00
1.242923666360910007e+00 1.688456626268408201e+00 1.520262413260059065e+00
1.604028411873712923e+00 1.478223739019900451e+00 1.424787953261260842e+00
1.518711775821582011e+00 1.693486181275984714e+00 1.311570608240186120e+00
1.952006516876036324e+00 1.227693757264701091e+00 1.066896610983021354e+00
1.125566852366067128e+00 1.688002319195559320e+00 1.387378673324532130e+00
1.875649515975646775e+00 1.677950473153736910e+00 1.646077415877859940e+00
1.924054013252636253e+00 1.517521563619080638e+00 1.089731945875146435e+00
1.824074658111342284e+00 1.666553533909832963e+00 1.359992956805491371e+00
2.016282715630193234e+00 1.627188616852790037e+00 8.388188749891980489e-01
1.817132796931114402e+00 1.544739817115420744e+00 1.108855087636699377e+00
1.977446332987130351e+00 1.437182399895092777e+00 1.286175486479229191e+00
1.527583773309819648e+00 1.574339441551767971e+00 1.071458081470239021e+00
1.842939602970198765e+00 1.922099503097016937e+00 1.591038810836219897e+00
1.851897815010334680e+00 1.424374267340007050e+00 1.390918642261059102e+00
1.957139682289297022e+00 1.733747435319432206e+00 1.438044146647824206e+00
1.602805555137420956e+00 1.326372129980051495e+00 1.814862277895937792e+00
1.825926264252290432e+00 1.095557984026392484e+00 1.097071394133366740e+00
1.208776377861072726e+00 1.775589148478865731e+00 1.401874444238332851e+00
9.896828135354830414e-01 1.122639751525960961e+00 1.698676246807656831e+00
1.767030838744717336e+00 1.578173942484832226e+00 1.781869497299634952e+00
1.843810174039063998e+00 1.746345368526201813e+00 1.715674412529452741e+00
1.107123037959854228e+00 1.186177276392645030e+00 1.708259063756386364e+00
1.811641538341591140e+00 1.282658790221165690e+00 9.983395131977529369e-01
1.382134865682936864e+00 1.710696887296844215e+00 1.613718190545739839e+00
1.746877985477428119e+00 1.326019418759537771e+00 1.162644544794980028e+00
1.379132737661006747e+00 1.631516623467761828e+00 1.137696451450007862e+00
1.470859808039805872e+00 1.366095600890936179e+00 1.150609730088778981e+00
1.763434400161982607e+00 1.470193975453669921e+00 1.462077838281698128e+00
1.829968303227097914e+00 1.817160897999090308e+00 1.677177981728507072e+00
1.881880059324273269e+00 1.332570665954878386e+00 1.188706331588357923e+00
1.211510411709749269e+00 2.193960687287679345e+00 1.150110343394473489e+00
1.144567096584298671e+00 1.761420705360749128e+00 1.273879481277158110e+00
1.967258379699019288e+00 1.472935783836400336e+00 1.392250392762670597e+00
1.821152515591766052e+00 1.365431888209399869e+00 1.833559798231485516e+00
1.161876188606543625e+00 1.271041155705442183e+00 1.486610740945675468e+00
1.533456506977991074e+00 1.718536237650637011e+00 1.671751621777054053e+00
1.511317800192415906e+00 1.327879502798003708e+00 1.822160880520139692e+00
1.133703129661647102e+00 1.874546613050219079e+00 1.320056725249364238e+00
1.421958259174599171e+00 1.865644950881490516e+00 1.496952871012322550e+00
1.128055449458364556e+00 1.481555982148246020e+00 1.405702973932646316e+00
9.613063666516600270e-01 1.024931600994488434e+00 1.811590151699669526e+00
1.590848738366702930e+00 1.555845793157025980e+00 1.578516222649619438e+00
1.539408048876919066e+00 1.787935657665605804e+00 1.622580189087569069e+00
1.995834557736793524e+00 1.557789897436835158e+00 1.255463864646197303e+00
1.371054531784259067e+00 1.573462938622172569e+00 1.536850422116470272e+00
1.804798930468391127e+00 1.706565172705658107e+00 1.434383615951797308e+00
1.196717386463204358e+00 1.397670152763165641e+00 1.752235155911371578e+00
1.451148583548250270e+00 1.427883726143575949e+00 1.809625597242072059e+00
1.687798070647995807e+00 1.058358322333161627e+00 1.134374330977328649e+00
1.578644201828631966e+00 1.652350362331793887e+00 1.686890762208896666e+00
1.125771434863589437e+00 1.209382517089313103e+00 1.634838276414172453e+00
1.562902375355036844e+00 1.345377674193867223e+00 1.139643557873914359e+00
1.988423032580488359e+00 1.432078923690562222e+00 1.004904188690404210e+00
1.958491365340947921e+00 1.377829235909860950e+00 1.139082274862117661e+00
1.149108004350006373e+00 2.007546054737096686e+00 1.260736598757727256e+00
1.438052717265593250e+00 1.657589293353305404e+00 1.210851586627331056e+00
9.353307312412312280e-01 1.033491074998269532e+00 1.738951659922377102e+00
1.716441050301083182e+00 1.491005830652413877e+00 9.656745788603217084e-01
1.709482131222784140e+00 1.428445733007753793e+00 1.358335727546079674e+00
1.362435336080159987e+00 1.788615539480008954e+00 1.542287336219170912e+00
1.934021886208824981e+00 1.684337028322133500e+00 1.492296249373054051e+00
1.048093415846924392e+00 1.320489536423772758e+00 1.687580855973111138e+00
1.441498483652342344e+00 1.351244528831167635e+00 1.782096502083462930e+00
1.917703486582794881e+00 1.025561863087021575e+00 1.185288715665704373e+00
1.032903469714029576e+00 1.191726314624164340e+00 1.728255175326748327e+00
1.089008650162988756e+00 1.352649997590998021e+00 1.543578920833961199e+00
1.695819902746085184e+00 9.554857187679461905e-01 1.108903032108717213e+00
1.790195100151412477e+00 1.512759094517697855e+00 1.814592506148528628e+00
2.000883704248232586e+00 1.565284355626336499e+00 9.080437045004734475e-01
1.157049535694245179e+00 2.073823298465452325e+00 1.201221052970470549e+00
2.000761478560609596e+00 1.575464286519796753e+00 1.182403531448264378e+00
1.786601843275603896e+00 1.799432093814091527e+00 1.618387679488489717e+00
1.184688348686359527e+00 1.952821097159403330e+00 1.222588760723207102e+00
1.272307883252135952e+00 1.855920027198163513e+00 1.433846262071651445e+00
1.953790677441897383e+00 1.669172573149424021e+00 8.442824172795743154e-01
1.870594480519512492e+00 1.611736491827267415e+00 1.707521391373960418e+00
1.230951728452483573e+00 1.617259644034592547e+00 1.502557399488190004e+00
1.334665374804439253e+00 1.788598058904317112e+00 1.441719493358853743e+00
1.811393956710500852e+00 1.594991844280371884e+00 1.209366137636515459e+00
1.354752426178767566e+00 1.371976048354226929e+00 1.831966943279830229e+00
1.014352025064540141e+00 1.182852993983392276e+00 1.569373296395932371e+00
1.248282700859795868e+00 1.713901492260653914e+00 1.261815078550677871e+00
1.572134244909060508e+00 1.739486193964072225e+00 1.422997763535707394e+00
1.471231922730942276e+00 1.423232351477103474e+00 1.267809175344435157e+00
1.925127596017064846e+00 1.529881923348663797e+00 9.268272446609129300e-01
2.000127229583431365e+00 1.642699382832129906e+00 1.306337262603263216e+00
1.979443115315833390e+00 1.724708983951514396e+00 7.895545693585795943e-01
1.268336457393633321e+00 1.526736258752941611e+00 1.410049969050981788e+00
1.926615864136810963e+00 2.020309695741395295e+00 1.530781105042463119e+00
1.900967689552161000e+00 1.599698892673521389e+00 1.249317584148965432e+00
1.372671783775593068e+00 1.449953987204235295e+00 1.288683084084311536e+00
1.623367255077904137e+00 1.438637891184287643e+00 1.350272044542659478e+00
1.884403535108338135e+00 1.122574866934890281e+00 1.141143926406825271e+00
1.519032999368829850e+00 1.414372651405376935e+00 1.847761609097063662e+00
1.558194646560565610e+00 1.594547587392729948e+00 1.630213009099532151e+00
1.852719519089497613e+00 1.410044892685690998e+00 9.107685754766829955e-01
9.926338918378735388e-01 9.432105526083734981e-01 1.712641701712475317e+00
1.849975421896131511e+00 9.939081155425876224e-01 1.133280922552422965e+00
1.180851656042352094e+00 1.348440784872922293e+00 1.450196123621820821e+00
1.726504415616838539e+00 1.366003836064994648e+00 1.236639054888815759e+00
1.029572933875896767e+00 1.069021050437359843e+00 1.768817562881106920e+00
1.048136521498024720e+00 1.246393210119507877e+00 1.670081053194181209e+00
1.438778247876364880e+00 1.669995763467559735e+00 1.646910570615017111e+00
1.574628242107761311e+00 1.887156868062187742e+00 1.600438923937342439e+00
1.788261829094625721e+00 1.576724073639089507e+00 1.664337937541966017e+00
1.770078705012809728e+00 1.320995676312252343e+00 9.428171735744607096e-01
1.857245297862067268e+00 1.725491493268344945e+00 1.490793662965854693e+00
1.098816678243094813e+00 1.369144540427599699e+00 1.464895396327317689e+00
1.235746977068825636e+00 1.359248214277220868e+00 1.803827205947621692e+00
1.734007499994321799e+00 1.308028306020731613e+00 1.846805659904836583e+00
1.645035923264317912e+00 1.828662517144380439e+00 1.652604549988874405e+00
1.616586283369429111e+00 1.404675414905150577e+00 1.278893001384611372e+00
1.157254463763251140e+00 1.295280561563478150e+00 1.571745801221297700e+00
1.692062264543513272e+00 1.754607111284230747e+00 1.682951949020280225e+00
1.731757826546957535e+00 1.555063628094291772e+00 1.101231293572149328e+00
1.687784202804725853e+00 1.680548269787033977e+00 1.342590800711882970e+00
1.295226274960705748e+00 1.752609250093015270e+00 1.356531848565365239e+00
1.133016278440701186e+00 1.437201786431667294e+00 1.561240484112145221e+00
1.904125684784507833e+00 1.881080135241157469e+00 1.576893025519857217e+00
1.957719988701585034e+00 1.361261917699130519e+00 1.067545482546714997e+00
2.032114683288813506e+00 1.764045979177685908e+00 8.088130921419914854e-01
1.649600580838838093e+00 1.394504067224461963e+00 1.862000273323235922e+00
1.123705465950136873e+00 1.408723363572485621e+00 1.770754465511421794e+00
1.984428457406044677e+00 1.510154423841619575e+00 1.122864020271767016e+00
2.025839674314148020e+00 1.856102508300125242e+00 7.714684295162940186e-01
1.890180801088212847e+00 1.757862002596144002e+00 1.576729503366046004e+00
1.770786701905143756e+00 1.679717826061525976e+00 1.726894316645054328e+00
1.651533115350023451e+00 1.721639648034011927e+00 1.414156154501781115e+00
1.077772968988795599e+00 1.072424944660482549e+00 1.639067395056964527e+00
1.918430843774755479e+00 1.485267310292709420e+00 1.017572536516312631e+00
1.741828758688245049e+00 1.027334218464619697e+00 1.164417765455546094e+00
1.148704032859779511e+00 1.627096259642842213e+00 1.433880051810055178e+00
1.206739215497369067e+00 1.830366777536490241e+00 1.350436908750066944e+00
1.154550700255705831e+00 1.546604289927221876e+00 1.329870903610405275e+00
1.899046731130453525e+00 1.584429234313633472e+00 1.577610404873964312e+00
1.024257110401702198e+00 1.236400295375756908e+00 1.608484055335908991e+00
1.680520645934625357e+00 1.765576672083137177e+00 1.513050874747277952e+00
1.310981079974835373e+00 1.806605001931425480e+00 1.500272614406527261e+00
1.121301515389432346e+00 1.333815062826176678e+00 1.752964027603317154e+00
1.819718158787848372e+00 1.481053698434197541e+00 1.493581491554611063e+00
1.730770112086740031e+00 1.848278482388176380e+00 1.608230605572848360e+00
1.061221811241414681e+00 1.353487757128281288e+00 1.617272069545385715e+00
1.666158384288108030e+00 1.553902574815172022e+00 1.600139155341581354e+00
1.172252580585023019e+00 1.735574135231824133e+00 1.366634223767718703e+00
1.960465251079775095e+00 1.560378326171993901e+00 1.053608495201558082e+00
1.142021421702323458e+00 1.280433248945869407e+00 1.635046174629150917e+00
1.860804012958261477e+00 1.166115970625407616e+00 1.045468477974633270e+00
1.911600860728908335e+00 1.513769596000712037e+00 1.509963967851973399e+00
1.127041829036495857e+00 1.161405681550541358e+00 1.557617777950700999e+00
1.932059452195943106e+00 1.383618517242418022e+00 1.287638980934594501e+00
1.782828383480612455e+00 1.438566432096906711e+00 1.795140885574305845e+00
1.968553400587439217e+00 1.675140474314648520e+00 1.414757728682578097e+00
1.850439491771094014e+00 1.954900013609823795e+00 1.537111628413641240e+00
1.754618680653175167e+00 1.463580694504820867e+00 9.073756946677539181e-01
1.978271382938641576e+00 1.590179178671321525e+00 1.343579783218927792e+00
1.042476571335922975e+00 1.138865499884433863e+00 1.768101400533639733e+00
1.464543695719517258e+00 1.394471831666179940e+00 1.206594990693527603e+00
1.328013049956176861e+00 1.427578086842445693e+00 1.803475882902803917e+00
2.000025783430682047e+00 1.630418192456474680e+00 8.994330043921300311e-01
1.913795349299271420e+00 1.298097757441312838e+00 9.759195172460830570e-01
1.886563334077610010e+00 2.003207992887138467e+00 1.581846015320280241e+00
1.666438423024008353e+00 1.492965422940188525e+00 1.475562559388129413e+00
1.986265570543782166e+00 1.367181826423063962e+00 9.903379601502693141e-01
1.504043484726414137e+00 1.451575933098063986e+00 1.336246436405815086e+00
1.388187217082768488e+00 1.483300949343471675e+00 1.361645934433407534e+00
1.589801075939694996e+00 1.676694610715892209e+00 1.301291590938233655e+00
1.375172749496107238e+00 1.704363748363743492e+00 1.285134280416468044e+00
1.164650574850100373e+00 1.894899064561287760e+00 1.256276251979572489e+00
1.884396982341241422e+00 2.118734793946876138e+00 1.467521787963852464e+00
1.831369709268171775e+00 1.613345321102569230e+00 1.776113294520392794e+00
1.967349430595288773e+00 1.299798020880632787e+00 1.060379899544315219e+00
1.512760432201294636e+00 1.508141827116350697e+00 1.454539445590393498e+00
1.162779613552681113e+00 1.395502636598818569e+00 1.487846129816682961e+00
1.926272493573802924e+00 2.229708890960849565e+00 1.448865007906354307e+00
1.689286389410148637e+00 1.612132925415987739e+00 1.688729514546934096e+00
1.242577255568739769e+00 1.471303611578780091e+00 1.287962550812031592e+00
1.485218771115794478e+00 1.825946763551976382e+00 1.598374589296342796e+00
1.424395940250520853e+00 1.734993508344532698e+00 1.364486937577164438e+00
2.001340946199905435e+00 1.447409998551014931e+00 9.415337605090252637e-01
1.937662031834426424e+00 1.455342330768081061e+00 8.960777274453048946e-01
1.922052487795868236e+00 1.178471235608232304e+00 1.107356606700070412e+00
1.029382114013077665e+00 9.613209072297058677e-01 1.656284246284647654e+00
1.826900846453607619e+00 1.773476163612381251e+00 1.579061034354557691e+00
1.917915225427652137e+00 1.445454142939898157e+00 1.418902560999584228e+00
1.791190487174571189e+00 1.433175489794974444e+00 1.396599603208645179e+00
1.004463702871219777e+00 1.116757420257233013e+00 1.820782485369078163e+00
1.149559701688976476e+00 1.465199979856423251e+00 1.469853349732197723e+00
1.568948476442929785e+00 1.458089286124651496e+00 1.371537577270591779e+00
9.832362662801925612e-01 1.164598043089041912e+00 1.752556522122330707e+00
1.131173776855659563e+00 1.545495382060150025e+00 1.401345466046682642e+00
1.725983238767024197e+00 1.414738746072988107e+00 1.790342971676120332e+00
1.914668658571823112e+00 1.364043377816010816e+00 9.397631378485200582e-01
1.790912956974235692e+00 1.537695291797250396e+00 1.727197194488887977e+00
1.815504863678364389e+00 1.490750959201500914e+00 1.763682356542803920e+00
1.648220546698183853e+00 1.322056460192070793e+00 1.120931168304129200e+00
1.970014147941190119e+00 1.448743917240221224e+00 1.134477713539289168e+00
1.959354072575243411e+00 1.541473052728823845e+00 8.699745361651380904e-01
1.778692513481403115e+00 1.505771470803843437e+00 1.016052743223395449e+00
1.345245118434320597e+00 1.547598682709791174e+00 1.478644798410516437e+00
1.425016937571128128e+00 1.761877155725860122e+00 1.419416388626209891e+00
1.768328608048957529e+00 1.659302030169632403e+00 1.326412050686522237e+00
1.857182342863404889e+00 1.306559284165444534e+00 1.139792027083231574e+00
1.188761403910969072e+00 1.719146886305999322e+00 1.250376608081397389e+00
1.860594158187963476e+00 9.734521883782752960e-01 1.214998036819399996e+00
1.859935237271517217e+00 1.795611764237216024e+00 1.524541783554657526e+00
1.405462975793623448e+00 1.762481100399683864e+00 1.592199812889001143e+00
1.889593116342532353e+00 1.828164059891859150e+00 1.680045017103635185e+00
1.790688944460470777e+00 1.376250125588739159e+00 1.279644640581897530e+00
1.428653240407997904e+00 1.571579082058425447e+00 1.556439914844017336e+00
1.907603726892448615e+00 1.812512740677899581e+00 1.595290600775518319e+00
1.048558382483665730e+00 1.288123211010606006e+00 1.534064585408956738e+00
1.677058225873541142e+00 1.325001226138326826e+00 1.828949596358499408e+00
1.148099336246929614e+00 1.200730328310742445e+00 1.501383721574491847e+00
1.851389996152410067e+00 1.397147972932488935e+00 1.336652123088293731e+00
1.893142583076448116e+00 2.042644815983562179e+00 1.486425858431685398e+00
1.808798421547642032e+00 1.447086275694188018e+00 8.751858558881739913e-01
1.973076093311651125e+00 1.543430911833292729e+00 1.412105087856109886e+00
1.134117079706742803e+00 1.945134996040998709e+00 1.263136068848117910e+00
1.371227507469128026e+00 1.845041380786470953e+00 1.519152069797142568e+00
1.873898580230515476e+00 1.261658210554533088e+00 1.067511437176295708e+00
1.961254773809696594e+00 1.246305822959620224e+00 1.012181305995195624e+00
1.881283440990868083e+00 1.077663698586768470e+00 1.102440376174067982e+00
1.924600551772054580e+00 1.181339492090494936e+00 1.044548123156663122e+00
1.189619079036663196e+00 1.362195943400827503e+00 1.391041699641109464e+00
1.960769692915607765e+00 1.591893058099845826e+00 1.221918411111432956e+00
1.880878062498183789e+00 1.703733879157142805e+00 1.700775400139962645e+00
9.841671587288906009e-01 1.071507511133938273e+00 1.731870837619902792e+00
1.598061137990707925e+00 1.383040421145395715e+00 1.227887686172000281e+00
1.899054888973690014e+00 1.750726647726912777e+00 1.459378564757239483e+00
1.948886413875260848e+00 1.609109516744850588e+00 1.280792638710001485e+00
1.349948793983613005e+00 1.654222869041910071e+00 1.601294468901073520e+00
1.733848180284685681e+00 1.499543653379976638e+00 1.809501510417264480e+00
1.665342644955357887e+00 1.378193438492938627e+00 1.241083457959972991e+00
1.759512300194619794e+00 1.778552433612483163e+00 1.566611635145638726e+00
1.667566484432083218e+00 1.517900526475883138e+00 1.003495496570254719e+00
1.977084334039299840e+00 1.422070078440901719e+00 1.216450186153453350e+00
1.325152104060640879e+00 1.647146708524226844e+00 1.151071984911191448e+00
1.289915006619641868e+00 1.684203402393459559e+00 1.214974174001598684e+00
1.602827186607604704e+00 1.572420222661307099e+00 1.092942827592055188e+00
1.948853220110238205e+00 1.551893774567088657e+00 1.140255197421508049e+00
1.944979357253333152e+00 1.635297172259186693e+00 1.456340126037506844e+00
1.915774963713452017e+00 1.645745455516075983e+00 1.538013951481695063e+00
1.706802488584388655e+00 1.399251144009468373e+00 1.862476497866550229e+00
1.273004647316609894e+00 1.736845457107395019e+00 1.525215472674479544e+00
9.498536221463957929e-01 9.784634968824102996e-01 1.744611057923043607e+00
1.806299547160728380e+00 1.046355172073533790e+00 1.129365742578694931e+00
1.988522841705451905e+00 1.503948118382001375e+00 1.273475396915512592e+00
1.073986384293739826e+00 1.383518780297309680e+00 1.667691998309335011e+00
1.971074510175063521e+00 1.499905705205396567e+00 1.038712656360780695e+00
1.932351331964075491e+00 1.717470484152870291e+00 1.389839082408190762e+00
1.591054295882211811e+00 1.808181086163132223e+00 1.634583849981481762e+00
1.100608671145613338e+00 1.088918824692151066e+00 1.581283075947369943e+00
1.995296218398830534e+00 1.485701086602971843e+00 9.841907865159550406e-01
1.325465773731115737e+00 1.838167385916768648e+00 1.416230066666938958e+00
1.898946473297637771e+00 1.033472115551509862e+00 1.133047338405835713e+00
1.201286124372759279e+00 1.887750129297131263e+00 1.305355392528640079e+00
1.082858584692711679e+00 1.298939529590569242e+00 1.649092903944877619e+00
1.927577985150959128e+00 2.151971701715231333e+00 1.490212185504504072e+00
1.094785724624893319e+00 1.131538691756867943e+00 1.675032631011003081e+00
1.721486151196349068e+00 1.530182875569788825e+00 1.570631805321880403e+00
1.068590528705659182e+00 1.297620975571297963e+00 1.754328668159288007e+00
1.530936204283301683e+00 1.415079014224419174e+00 1.270805477532340966e+00
1.081145317969662845e+00 1.229524975639583850e+00 1.731542940730283142e+00
1.287278476874098798e+00 1.794102770387896228e+00 1.406773125897349708e+00
1.738195331674960098e+00 1.354259448638493790e+00 1.889235238466698386e+00
1.321494891205666766e+00 1.398799250320458709e+00 1.756686790404279996e+00
1.229132273855761071e+00 1.720525170952524663e+00 1.477197038982825728e+00
1.855079382187628134e+00 1.557541958110054692e+00 1.147118286994927017e+00
1.744005146358570846e+00 1.395177423079702050e+00 1.302500086296045412e+00
1.595564598707895021e+00 1.626426173766038152e+00 1.200955873482188352e+00
1.479563850626009813e+00 1.803670046135916527e+00 1.522948400794181811e+00
1.459160564071429356e+00 1.593702236389340055e+00 1.597036847728523945e+00
1.734434782446058865e+00 1.750054845512123869e+00 1.499525558102565714e+00
1.779167447353651399e+00 1.532303252575386132e+00 1.070869819646151022e+00
1.675735442254985497e+00 1.547774337720783766e+00 1.067399971411796544e+00
1.770855912468867199e+00 1.620844249790219571e+00 1.248918175776089434e+00
1.923917536252617522e+00 1.663175109830579812e+00 1.385060701143663531e+00
1.457636306084902245e+00 1.519557311587343085e+00 1.458737953396336939e+00
1.068193776842884857e+00 1.065052865570304874e+00 1.692571265432254224e+00
1.838237201493057915e+00 1.146918365790809524e+00 1.123934229930011020e+00
1.962524046425111690e+00 1.603321951188163785e+00 1.152495339527010998e+00
1.634085929397757431e+00 9.813372432682433422e-01 1.155851127066528594e+00
1.826749247303171009e+00 1.364986272799689093e+00 9.343136214198944911e-01
1.561425252545842079e+00 1.659658378757809416e+00 1.257130690396172978e+00
1.781273129926028265e+00 1.731094588907754694e+00 1.476855686367646081e+00
1.877014290013216291e+00 1.655094047286411962e+00 1.354188996339163120e+00
1.567376123133534582e+00 1.785463872874369473e+00 1.515738103144025795e+00
1.553330558438070996e+00 1.717649042871032705e+00 1.372600512651425797e+00
1.809867044560246496e+00 1.386020983452877608e+00 1.882755181355939111e+00
1.795993087435806101e+00 1.774962064589365784e+00 1.673033848218294262e+00
1.367279976697750365e+00 1.821631926008053348e+00 1.470108701659332606e+00
1.848695606092952248e+00 1.877654478202783528e+00 1.648721320623863340e+00
1.207979283063596698e+00 1.993507155639513195e+00 1.262065934680573376e+00
1.525782579644930914e+00 1.820824844119784292e+00 1.562717531692329409e+00
1.462096002700318031e+00 1.877860449733997239e+00 1.557682905843552623e+00
1.885363541788707575e+00 1.778739114263713450e+00 1.703503137733537010e+00
1.134628000649516855e+00 1.841365303852319224e+00 1.277488035958949553e+00
1.203568725348663992e+00 1.784752362399359749e+00 1.280200327448369535e+00
1.135993892520099857e+00 1.708932893409967457e+00 1.333354031107786275e+00
1.868716176745576441e+00 2.074123316486276902e+00 1.522421784599962358e+00
1.205531705939309139e+00 1.729272901763592607e+00 1.428293791301067817e+00
1.837461544409314307e+00 1.463062585621942135e+00 9.173000193002066593e-01
1.977593668958911755e+00 1.463008280534111583e+00 1.340529854642201757e+00
1.192565427120721333e+00 1.341583577530668148e+00 1.776562921047119881e+00
1.825308082161473333e+00 1.508462984167220577e+00 1.539027020412321312e+00
1.811648484634257761e+00 1.502299067495346918e+00 8.845205200153433145e-01
1.237594950860646748e+00 1.818286560059372947e+00 1.419432168077063627e+00
1.193045915698031090e+00 1.614275218823070013e+00 1.465313166305755699e+00
1.775135819162154682e+00 1.278252568368039910e+00 1.036647038453760716e+00
1.637256013588252346e+00 1.623653028078808847e+00 1.689569438030876336e+00
1.084293345087337102e+00 1.406871080020472453e+00 1.560520367875460668e+00
1.874699399239217579e+00 1.719672582181714704e+00 1.613766385316657281e+00
1.552409830075430319e+00 1.545230256240173405e+00 1.543882020603312588e+00
1.350454507229478240e+00 1.609325444205855327e+00 1.573191266771330810e+00
1.271080184116090361e+00 1.612979154878184662e+00 1.538945825150814573e+00
1.109604977919773416e+00 1.390277270753527361e+00 1.512882137004248451e+00
1.485039740789790841e+00 1.699124561458345450e+00 1.665318193380263434e+00
1.704978038864296330e+00 1.658418517757257460e+00 1.716001248983247462e+00
1.210797479683448863e+00 2.071197551353789024e+00 1.195548614623871408e+00
9.510434978052817456e-01 1.016927692581501619e+00 1.686631014443805254e+00
1.851444820774485134e+00 1.480861402451786102e+00 9.905654632387006497e-01
1.299608636999191491e+00 1.474778878821444650e+00 1.314137914524650563e+00
1.823164988216812832e+00 1.278446689959338745e+00 1.062243625149434045e+00
1.626329203189286421e+00 1.780988161945371795e+00 1.526446453907542411e+00
1.518715636898680277e+00 1.605437035824290426e+00 1.132271525413319546e+00
1.663867684202768205e+00 1.648211720248353496e+00 1.268096417192615899e+00
1.781954426620616205e+00 1.624902038010697547e+00 1.763139104301873150e+00
1.874371680931672834e+00 1.517730486639855547e+00 1.072866029658406717e+00
2.002908546537423895e+00 1.525537682940394602e+00 9.417194275313945928e-01
1.186985212995290917e+00 2.054381350125169980e+00 1.250695157700617788e+00
1.487002604246742576e+00 1.543761446321850750e+00 1.518634619815492082e+00
2.018026206886097462e+00 1.673080177407130220e+00 8.142240417322181845e-01
1.780559029209032085e+00 1.386784875162474728e+00 1.808859910241613189e+00
9.779325885504582816e-01 1.119923553497007340e+00 1.648148334045271390e+00
1.846594302059410886e+00 1.547628950432029082e+00 1.598779184306563517e+00
1.957911749069400908e+00 1.673116509783097117e+00 1.307653550255214236e+00
1.275070216449857741e+00 1.503225505569186993e+00 1.364417682208297178e+00
1.337190003811292716e+00 1.691946591454152937e+00 1.246901046365041399e+00
1.078895730944940512e+00 1.185025586021395183e+00 1.757045957930234659e+00
1.553863663635818071e+00 1.842976804547074243e+00 1.616711638345639690e+00
1.614949331923394293e+00 1.528726646322122962e+00 1.531377359032460639e+00
1.370243279486235810e+00 1.354880469961568856e+00 1.786248095626355559e+00
1.633603961219006084e+00 1.817205620897081930e+00 1.598823630397530060e+00
1.959248066863396698e+00 1.574230751291184394e+00 1.451612326540961284e+00
9.185913146356057268e-01 1.004555558227448797e+00 1.791607420780224391e+00
1.760999541969227034e+00 1.540581253617290036e+00 1.601275066996553864e+00
1.406400944778045226e+00 1.357811259535445680e+00 1.825839965185068969e+00
1.996748870130166553e+00 1.592945966338886965e+00 1.295971418527384511e+00
1.012453045238641103e+00 1.224153873351547128e+00 1.797876512925309145e+00
1.547317739300668071e+00 1.349996818295495338e+00 1.794126925749033097e+00
1.498072096752834037e+00 1.606831834003213944e+00 1.626387382738191612e+00
1.171845859365595377e+00 1.320759693870719342e+00 1.491645564765322174e+00
1.778558347115723359e+00 9.750554543566013477e-01 1.129309186322306147e+00
1.977831822083868429e+00 1.594122108541585758e+00 8.371136555971738780e-01
1.454949281995145505e+00 1.785450841439537362e+00 1.596980662298487674e+00
1.121268824936139108e+00 1.799290635614823941e+00 1.312588667423558952e+00
1.694588836773935459e+00 1.289863554759097530e+00 1.046315934253137181e+00
1.918688920109047347e+00 1.724575035223380404e+00 1.518481532469839745e+00
1.498729346618254299e+00 1.763816047410174059e+00 1.448373357203351031e+00
1.389561486317888672e+00 1.653555201771668370e+00 1.186458988463905850e+00
1.717713932088107853e+00 1.485179733224888388e+00 1.477082982861082305e+00
1.688896705904038953e+00 1.588840699800334821e+00 1.155610211475455618e+00
1.352969267283107069e+00 1.432328209901267524e+00 1.246116502628400458e+00
1.643545491163018513e+00 1.459750845265352037e+00 1.399917044580112346e+00
1.812140598437840477e+00 1.710157770037879166e+00 1.729541413134945804e+00
1.588108569776072176e+00 1.361012950158713819e+00 1.180065583507185822e+00
1.105869546564284489e+00 1.362465426406116453e+00 1.790702406614638642e+00
1.271559706825726055e+00 1.552587399753954989e+00 1.454872635198271036e+00
1.809031311393042296e+00 1.025001935220797300e+00 1.181779936608193582e+00
1.903220522684870852e+00 1.352338284825334025e+00 1.230538074026742645e+00
1.110251113734337158e+00 1.439521976146144633e+00 1.426556602308785004e+00
1.927186721764917232e+00 1.343520921545173552e+00 1.171203618529016666e+00
1.590629507107600649e+00 1.700491479188830368e+00 1.691776817830387580e+00
1.181171714067406286e+00 1.417853428144830952e+00 1.794559386493517650e+00
1.148338417892939223e+00 1.655123639502720456e+00 1.334534535680578005e+00
1.169253148702358303e+00 1.698324839973775147e+00 1.411295277117945668e+00
1.464925762473011428e+00 1.398794706416357503e+00 1.772323774829198673e+00
1.982226221469342020e+00 1.766625397459631319e+00 8.153739013332167440e-01
1.883677875820611858e+00 1.498931040116148861e+00 9.038789883817796023e-01
1.528940662849928467e+00 1.365358312799304974e+00 1.169048729958723332e+00
1.603812340486588273e+00 1.859113999837217257e+00 1.628292142877554305e+00
1.333611023183103983e+00 1.525852920647057465e+00 1.429926875539457853e+00
1.092590451992851985e+00 1.333996831590579468e+00 1.706587744437376930e+00
1.273979724262043423e+00 1.687916002090528611e+00 1.558081745605280677e+00
1.388414132354212960e+00 1.424095743383126278e+00 1.815091615746848408e+00
1.181042927047580182e+00 2.232325360068375453e+00 1.149790051415087166e+00
1.146346683424054991e+00 1.512713828629298263e+00 1.438600286470934853e+00
1.059361802111175255e+00 1.012002902084781164e+00 1.620486778152108398e+00
1.561472106265291426e+00 1.855587527973005413e+00 1.565678448321885075e+00
1.466018089786226053e+00 1.705304601869417569e+00 1.317611343723101625e+00
1.925726145363001240e+00 2.082574768861354730e+00 1.480395119381206825e+00
1.689745637492631403e+00 1.703640266883725607e+00 1.389988591709727439e+00
1.407155743258932779e+00 1.679135807795801849e+00 1.244106259023561423e+00
1.713807322452585602e+00 1.438773564857087184e+00 1.835178501291377939e+00
1.871493550157891983e+00 1.586352907145204938e+00 1.212629205903061003e+00
1.824144586814348434e+00 1.566235350733742537e+00 1.796101170108992173e+00
1.240385848251385426e+00 1.810285408120840378e+00 1.321789250328091248e+00
1.918014862752645433e+00 1.553108406673830100e+00 1.537804627627179288e+00
1.746889547187904679e+00 9.780297708500664822e-01 1.165574684668142513e+00
1.887545163122100078e+00 1.656668123141782578e+00 1.594213473109112433e+00
1.884974377697681502e+00 1.921768295903788948e+00 1.614937102241523093e+00
1.975784291298195772e+00 1.389727290107916735e+00 1.032568026555827023e+00
1.739345989884057975e+00 1.440549626518191628e+00 1.394504433235091545e+00
1.668604283653341236e+00 1.045932348264754230e+00 1.089859987332011171e+00
1.988756116854779599e+00 1.651088659587831575e+00 1.352835588900023422e+00
1.830601326399306839e+00 1.584934797180777233e+00 1.705419062828834598e+00
1.143200806610912501e+00 1.248478394601145514e+00 1.599069463789904777e+00
1.990375999860773293e+00 1.523880627014591260e+00 1.184691446708948215e+00
1.454537305558733173e+00 1.626114431624500423e+00 1.635201335174446324e+00
1.867335109309579355e+00 1.020576415108210622e+00 1.193147883846903179e+00
1.915204638300661788e+00 1.493537807989880895e+00 9.681310985326436747e-01
1.026113016513660270e+00 1.267916915084706053e+00 1.711651185589347479e+00
1.597156178117388414e+00 1.613763912143416412e+00 1.665204024367358704e+00
1.506204389210676231e+00 1.373331024693343227e+00 1.868846990927929941e+00
1.110622025625340514e+00 1.381333301114654244e+00 1.591427530935781931e+00
1.444473417024687345e+00 1.837116429328490286e+00 1.527691877111512664e+00
1.640945236638248872e+00 1.335686435256068894e+00 1.858355990943306724e+00
1.181754832732627714e+00 2.102301536003852167e+00 1.172056684011266281e+00
1.316294782218120352e+00 1.685115846487118096e+00 1.588304787182251987e+00
1.787203572792308348e+00 1.314898096154797580e+00 1.845656185784368075e+00
9.946102610385797460e-01 1.158039322917822744e+00 1.608840613993977042e+00
1.683176946829232357e+00 1.869849050915469935e+00 1.636067100312838862e+00
1.614836327097235902e+00 1.370158586062865780e+00 1.800517956069871195e+00
1.615136117162984997e+00 1.874159089987847970e+00 1.578749682890792760e+00
1.870486089840571076e+00 1.491056395774104537e+00 1.505471493397774863e+00
1.969235745551847661e+00 1.721085147198606835e+00 8.356832122649047179e-01
2.015093615858282838e+00 1.906963117788210926e+00 7.466035037331402169e-01
1.184830805649895735e+00 1.785460448972990388e+00 1.352871550255724253e+00
9.794674648714699616e-01 1.056743204140473402e+00 1.776733043574550086e+00
1.559647648277382892e+00 1.332114181081925919e+00 1.844451478479786077e+00
1.123421583886340613e+00 1.642361896232959140e+00 1.397832743944191991e+00
1.718149225761631982e+00 1.359489588138924177e+00 1.814070705458886268e+00
1.971386992505473668e+00 1.479597815969415642e+00 1.088386186692749336e+00
1.047832483963301753e+00 1.221107919420616472e+00 1.767358252811926933e+00
1.885314646528040594e+00 1.290396061871043942e+00 1.103158915000062024e+00
1.982252235915296978e+00 1.526574195299649883e+00 1.076575523927649325e+00
1.983316517000523582e+00 1.672609037710660829e+00 8.799910829348321917e-01
1.421835990197553468e+00 1.732349998064650176e+00 1.624275185668701882e+00
9.795267418120191527e-01 1.066430929353381352e+00 1.822264825557988299e+00
1.411128129271536968e+00 1.606096545164398703e+00 1.096618635182278423e+00
1.567343364862135768e+00 1.316490604377992479e+00 1.082860648201528608e+00
1.473536528595214667e+00 1.589751594176964655e+00 1.084667743280661956e+00
1.507457534775166863e+00 1.675243427686611275e+00 1.270414597194452266e+00
1.444637045399035369e+00 1.634244599006228205e+00 1.165497565941334024e+00
1.414219799288642054e+00 1.712896655096590504e+00 1.315907158593474069e+00
1.753864216948477939e+00 1.710214049707458273e+00 1.425200205255534813e+00
1.611655281478423074e+00 1.598581733106765101e+00 1.149302908186956351e+00
1.557542556403210599e+00 1.497181244630549468e+00 1.447547168549772278e+00
1.496403666987669023e+00 1.626422839222506189e+00 1.166954444998889118e+00
1.151486335335081490e+00 1.912500396618634468e+00 1.300121609312213877e+00
1.908306591411546016e+00 2.246855318287446668e+00 1.408791140978416623e+00
1.617064024318100701e+00 1.521775479450808710e+00 9.941623939701932366e-01
1.185987460089494849e+00 1.316510833419197057e+00 1.408454945864429320e+00
1.159891629776130806e+00 1.843026043961957017e+00 1.350796390277704040e+00
1.151284312485680195e+00 2.020762494935102183e+00 1.216783967092324170e+00
1.362502150138059420e+00 1.755786337054971558e+00 1.574153938136480857e+00
1.074000929225022105e+00 1.342147911969972629e+00 1.764430936818078166e+00
1.469027109585298918e+00 1.406127105654454201e+00 1.845620341839883771e+00
1.131792154670776762e+00 1.510257379902556707e+00 1.485270213104093129e+00
1.196643268125449078e+00 1.378487769376137706e+00 1.818912749702875198e+00
1.861885264511938809e+00 1.117849361977101497e+00 1.072583259882292195e+00
1.959383528018659337e+00 1.329879608088686993e+00 9.642175147949736402e-01
1.114368857033122051e+00 1.399306263886330726e+00 1.641801645023730716e+00
1.857395364495013856e+00 1.880984549185998222e+00 1.560921487529326690e+00
1.135233473427333051e+00 1.140715274847472260e+00 1.501048860203874513e+00
1.740617917002601489e+00 1.775808229124238524e+00 1.666458859284995153e+00
1.848068544892589093e+00 1.978836528058552036e+00 1.578312418489861813e+00
1.253530193727434350e+00 1.769579647042851978e+00 1.361439191925721159e+00
1.870831366245310434e+00 1.380607427292942502e+00 9.405190544150885401e-01
1.750196650501683049e+00 1.530582450951864404e+00 1.780617476479649186e+00
1.824571054571872519e+00 1.881731501723562960e+00 1.609920323801288689e+00
1.735400796734664297e+00 1.706304215463509966e+00 1.715236378006228524e+00
1.115420151216938605e+00 1.584790562476575237e+00 1.435461306507711532e+00
1.424559798865949078e+00 1.403309938576329685e+00 1.837184913417839960e+00
2.017056978833658309e+00 1.818897621706740964e+00 7.951053854002019250e-01
1.840447768258132388e+00 1.348937241744629034e+00 1.232879132740857475e+00
1.156917906313385203e+00 1.346357117825746297e+00 1.581378437027400219e+00
9.746237622383265853e-01 1.137238339518084063e+00 1.794489754174315888e+00
1.110541671192243784e+00 1.169974160956185338e+00 1.658088883284913440e+00
1.389630592835336520e+00 1.659600247403650197e+00 1.621847143522792800e+00
1.980474348278524532e+00 1.645302039081604883e+00 8.176368278371057841e-01
1.172175528014002710e+00 1.558504806437797097e+00 1.389701166814809818e+00
1.035696898300012991e+00 1.262380095460863050e+00 1.569487895604307237e+00
1.830126367016965183e+00 1.380306637743925702e+00 1.300819571103265515e+00
1.095728089012224293e+00 1.345025647840240701e+00 1.660963752854866637e+00
1.707803229957385982e+00 1.317370173726750249e+00 1.131613515854234864e+00
1.125666700529547759e+00 1.192004518033983773e+00 1.590131819135009117e+00
1.207349455098642332e+00 2.142877231663143256e+00 1.164024914519896647e+00
1.420614824023241907e+00 1.505992287828433751e+00 1.419114474585290164e+00
1.933477828115676589e+00 1.527213928862261483e+00 1.041415140776488668e+00
1.900862315455118745e+00 9.902657540531210056e-01 1.142680603321163169e+00
1.083605762991942667e+00 1.342080983910042269e+00 1.499902427680541939e+00
1.874472429220725989e+00 1.286735306484439567e+00 9.931698191117956931e-01
1.918046219124075025e+00 1.481100855899224689e+00 1.468624188793506535e+00
1.167892556242916990e+00 1.398284697120960374e+00 1.374974326529020408e+00
1.792472868458396595e+00 1.311152498449040360e+00 1.147469491034632139e+00
1.559112221493837547e+00 1.403179378274968858e+00 1.785194849191306554e+00
1.240831363208722449e+00 1.401489402801512352e+00 1.756321342101198058e+00
1.946100674107704043e+00 1.563255810417090608e+00 1.186509798368219792e+00
1.857042623043492657e+00 1.043192986746787954e+00 1.115776507518231320e+00
1.090904792519242550e+00 1.333885286922855462e+00 1.591418427515622680e+00
9.739098253376127223e-01 1.082499989240304661e+00 1.689375475302161478e+00
1.877509150590566556e+00 1.536328131038485312e+00 1.112533063705351433e+00
1.725674518861064044e+00 1.605388431184036957e+00 1.201512087479696733e+00
1.813140957334495873e+00 1.662252420881545234e+00 1.751380544187260080e+00
1.567929847496060347e+00 1.414614210859535426e+00 1.851749417914576590e+00
1.530995262159823733e+00 1.738678283192210516e+00 1.407476839150455517e+00
1.213732966308347372e+00 1.657351176158069039e+00 1.495952561906393585e+00
1.386380350916829318e+00 1.548455739548701970e+00 1.493917207283911308e+00
1.821178653924542479e+00 1.647688159164918842e+00 1.320554065968598145e+00
1.564499874518646472e+00 1.590609255396812749e+00 1.117130337423650088e+00
1.971017664848931261e+00 1.596938829687348793e+00 9.157259637858409240e-01
1.745057300176229953e+00 1.877841983591231667e+00 1.638536131297883003e+00
1.662835036314353365e+00 1.302708120453824892e+00 1.084553092311611788e+00
1.833740302282018231e+00 1.460793476497038501e+00 1.457485403957423209e+00
1.250991994227266035e+00 1.582423729111842814e+00 1.485282039026828427e+00
1.875547048976338393e+00 1.661739644468342991e+00 1.711907362059799542e+00
1.177410420982577755e+00 2.184260394161047447e+00 1.175528051844768385e+00
1.783960610022220283e+00 1.359788596452040199e+00 9.272847912474738719e-01
1.735845485874989658e+00 9.691898466991938355e-01 1.121720765199782255e+00
1.135762077402375558e+00 1.719255772154058448e+00 1.280771102873036194e+00
1.786982672999845922e+00 1.821769584268047026e+00 1.671590815359189408e+00
1.771635620921548693e+00 1.288527565074593095e+00 9.790013993106233547e-01
1.885901872954576453e+00 2.041534012344804250e+00 1.560588316759108363e+00
1.020294532427162837e+00 9.761854849901584474e-01 1.704771295238880713e+00
1.217739191420188272e+00 1.531904417895674220e+00 1.382302328341318498e+00
1.778607750555115663e+00 1.588857565883124323e+00 1.715743673626719978e+00
1.116338481228553503e+00 1.227451316370312906e+00 1.698296969681040380e+00
1.103788910499538423e+00 1.063868875695644922e+00 1.545883794083830143e+00
1.903580406229029132e+00 1.971483653271139058e+00 1.522529317829610651e+00
1.946147894403706058e+00 1.549935671483998689e+00 1.485856859061263968e+00
1.274981500527264444e+00 1.821534332375593701e+00 1.460208753402735260e+00
1.156843616603772551e+00 1.451261621154938952e+00 1.393752598736104575e+00
1.720747036392529683e+00 1.029155321163809811e+00 1.087075215249494686e+00
1.938550524759403038e+00 1.766124690332562919e+00 1.468100792752785599e+00
1.763326050560370284e+00 1.296014666961851747e+00 1.106720277594918311e+00
1.914324512869226114e+00 1.264559532880622950e+00 1.082737190665308935e+00
1.639145242405787739e+00 1.036490012308693753e+00 1.150000421395777517e+00
1.508211949823557996e+00 1.762477690599464575e+00 1.638691778251334608e+00
1.548482180774034100e+00 1.754952443025468822e+00 1.653841934652167556e+00
1.387656569326571221e+00 1.860126582160303244e+00 1.471479932982966421e+00
1.981069826838168568e+00 1.549611337713082237e+00 1.370123634885978436e+00
1.718175638766047397e+00 1.511770096917901096e+00 1.531464092094475982e+00
1.901037239507474608e+00 2.188150797602797848e+00 1.467853698623289516e+00
1.348321502848794928e+00 1.740851688724913027e+00 1.350630260920611114e+00
1.845716802581760518e+00 1.707055736363529030e+00 1.449851280701640155e+00
1.661604621642437385e+00 1.743860929305908192e+00 1.462902684161385691e+00
1.553575064949951567e+00 1.629818233424954022e+00 1.192901940261464677e+00
1.572904120910900927e+00 1.765794613974574379e+00 1.477532157547562397e+00
1.614362733219603330e+00 1.736079174689780125e+00 1.430678686898012364e+00
1.162100932787511143e+00 1.229879853064643092e+00 1.459135081763675457e+00
1.882616775060132142e+00 1.635524562825227290e+00 1.316223882181350779e+00
1.393597525198384979e+00 1.463864952847225842e+00 1.323849405200781870e+00
1.710589669556342729e+00 1.629248201099605664e+00 1.245637884593607136e+00
1.395363161690238218e+00 1.779292393434062314e+00 1.445009502665253409e+00
1.661214642104659189e+00 1.728185687240065826e+00 1.697410106598645996e+00
1.967488294442370389e+00 1.429745278989522195e+00 9.136059527288805659e-01
1.817929888644607139e+00 1.571565294903170873e+00 1.163828178506437494e+00
1.624944703670597512e+00 1.492115719003273000e+00 1.460014415641778696e+00
1.832732442729674061e+00 1.753951344038904292e+00 1.541061024169323224e+00
1.728811738267259868e+00 1.769359082117645698e+00 1.537718552666123450e+00
1.331378938716807570e+00 1.574564124238408747e+00 1.520588621885022640e+00
1.096799569685205533e+00 1.417625625441470527e+00 1.461691248194092241e+00
1.165481860319050655e+00 1.302706767859910686e+00 1.530109894324827469e+00
1.974520942207653729e+00 1.628287256179474785e+00 1.196139248610162298e+00
1.194418836342667989e+00 2.099773110090714212e+00 1.227493939077580531e+00
1.947698934673946392e+00 1.481971283304294840e+00 1.433660406275808485e+00
2.003773698810918713e+00 1.593284553279070259e+00 1.221608511177538547e+00
1.890531823313539084e+00 1.417571117456038365e+00 1.370723299459684519e+00
1.052673238507797038e+00 1.272263654934145949e+00 1.632512657261530276e+00
1.049069492851747443e+00 1.036527005325849293e+00 1.717929790233799547e+00
1.231227590901793789e+00 1.780226887570866445e+00 1.438016801319600857e+00
1.493400348286929802e+00 1.423210919800313112e+00 1.807609639905326082e+00
1.134127949900910703e+00 1.749990513425210947e+00 1.344079415000468902e+00
1.691599998827006957e+00 1.797182053922264711e+00 1.656187160971718031e+00
1.129686226273177718e+00 1.464620633207675882e+00 1.528702201140736072e+00
1.026114302492379782e+00 1.204600488272425718e+00 1.677028083128718761e+00
1.641555074872123043e+00 1.400763041212534254e+00 1.812416046894201216e+00
1.887159579636981110e+00 1.922543199544687997e+00 1.540199245494935143e+00
1.813008088646734794e+00 1.326954226031509254e+00 9.469888048696857297e-01
1.756324666370426169e+00 1.348045072338068362e+00 1.210750383495463822e+00
1.011571791323788272e+00 1.122186693893027609e+00 1.744295105057039663e+00
1.887918963144287421e+00 1.055651648876931636e+00 1.170716462904511035e+00
1.896068892471104883e+00 1.809709383022722440e+00 1.541038931867367845e+00
1.957087252184979365e+00 1.579622137871773635e+00 1.090982668872892747e+00
1.729147300037926271e+00 1.454365641796477426e+00 1.777628902856626780e+00
1.843865859797599871e+00 9.569058889776085319e-01 1.152260724473249898e+00
1.470011052441271060e+00 1.568249842426735707e+00 1.562689747642960647e+00
1.620213121935764722e+00 1.345090647822720475e+00 1.158227987723599695e+00
1.195336908166926948e+00 1.743478248296961519e+00 1.287858700835366577e+00
1.920352411411525129e+00 2.061059344250886660e+00 1.537639685476880125e+00
1.395703596905801147e+00 1.812198077022078913e+00 1.499542233865994056e+00
1.151395250635106171e+00 1.979159617216697420e+00 1.222226567648242668e+00
1.880949785685982700e+00 1.386208925584336615e+00 1.307724088501490245e+00
1.602495770545857123e+00 1.513075885352485717e+00 1.494871562715591518e+00
2.019786209948324363e+00 1.822968199210096341e+00 7.445665327134427525e-01
1.882708843345694882e+00 1.780608077928750088e+00 1.486916782106731949e+00
1.625803276232433703e+00 1.562566810962141783e+00 1.605342943860642135e+00
1.982302357307113017e+00 1.519694995662452142e+00 1.225071178925817517e+00
1.824035362179114106e+00 1.526457423085356035e+00 1.783827613405204016e+00
1.836971766321559674e+00 1.091388724411040734e+00 1.148891402136685613e+00
1.780741336783485673e+00 1.463818900614126450e+00 1.828045617118621236e+00
1.221730670607332980e+00 1.408438349596193628e+00 1.805462880382974644e+00
1.073930492373607049e+00 1.289527080992483254e+00 1.709806133750734647e+00
1.013727178301054188e+00 1.169065596512080640e+00 1.699734880390077141e+00
1.174268290067161713e+00 1.397030331127022462e+00 1.446338894468153669e+00
1.125664757847204545e+00 1.378195525686211731e+00 1.552991599024871716e+00
1.868752478556529262e+00 1.212808414249203937e+00 1.052661252629174315e+00
1.975917925370209938e+00 1.477632008236158923e+00 1.165984066734725211e+00
1.154079639312842298e+00 1.263410808540051500e+00 1.527785125770251717e+00
1.070166678493300161e+00 1.315824702629502241e+00 1.561029992818006473e+00
1.952947785658919688e+00 1.626162919311891830e+00 8.415322415949456625e-01
2.003143989164912764e+00 1.611882591583169155e+00 1.258108036949833863e+00
1.666673331413683012e+00 9.670581272201050904e-01 1.136413395287168671e+00
1.897468713875305912e+00 1.312990063222862602e+00 1.142530550818389834e+00
1.814249922613628163e+00 1.564960130929971216e+00 1.635584046642757139e+00
1.079051883473068907e+00 1.141929935606900592e+00 1.748754499992904110e+00
1.881695326139062985e+00 1.159770347674093482e+00 1.124880229296810530e+00
1.063315152044520984e+00 1.104593757078889737e+00 1.762554888209918680e+00
9.364351878525609685e-01 1.047509772535784478e+00 1.776732512430097666e+00
1.923328065678581389e+00 1.490062446595257217e+00 8.809762202125862585e-01
1.168286007340373800e+00 1.452737902870633757e+00 1.345194491686493965e+00
1.947012849889590225e+00 1.409449745696305101e+00 1.314784699654423239e+00
1.537758842140277249e+00 1.623435402633146785e+00 1.658551469089605490e+00
1.177766834191552814e+00 1.582772038384530067e+00 1.437183341595870578e+00
1.966458969672295165e+00 1.453102392647043439e+00 1.031297146753747063e+00
1.217486509959721408e+00 2.247606633179547231e+00 1.157026227248962646e+00
1.243583977859652689e+00 1.844184900382058068e+00 1.389451814938747143e+00
1.529292617417394418e+00 1.671088938217011988e+00 1.677581567145337793e+00
1.861703099353940738e+00 1.446299057709480085e+00 1.429895319525730901e+00
2.019277824396558785e+00 1.727769855405717481e+00 7.878783598739000915e-01
1.393707232829754172e+00 1.810291848205146215e+00 1.554354607198537019e+00
9.989783213131193662e-01 1.199776699992119555e+00 1.761819610886834475e+00
1.302017075589005923e+00 1.763866088069021565e+00 1.531642588508273395e+00
2.018712764520428582e+00 1.590147027102252641e+00 8.825235099305807074e-01
1.917227515206854305e+00 1.718654927135491839e+00 1.426540077184586863e+00
1.133413035470628660e+00 1.316023198072255429e+00 1.650417604788710690e+00
1.840573346085060402e+00 1.271996774614740477e+00 1.027209725371627691e+00
1.864782015381848401e+00 1.989635769825429445e+00 1.513779162933731159e+00
1.864068977456200926e+00 1.713892003833566324e+00 1.735180794445943198e+00
1.765612890534278501e+00 1.506678510446766373e+00 8.801254982853677911e-01
1.881178300481644694e+00 1.494116888754249528e+00 1.027331339578506864e+00
2.032579638786046416e+00 1.792424094467219620e+00 7.662921779538768297e-01
9.698055062408639238e-01 1.018099853972639801e+00 1.727022648860972343e+00
1.130956280050654295e+00 1.418947110317928750e+00 1.495589939206863006e+00
1.993923369073254293e+00 1.561861167824361019e+00 8.690648263368775384e-01
1.959487118305409892e+00 1.405337585257838029e+00 1.098881917147914722e+00
1.969984906675126490e+00 1.690635034199617248e+00 8.073810151784135414e-01
1.911111501952778235e+00 9.939495415634013176e-01 1.208139023649948518e+00
1.758243001932347616e+00 1.520019453827126776e+00 1.740431755661201008e+00
1.805906155975214977e+00 1.833519283613067374e+00 1.623296544192613489e+00
1.941078678369678068e+00 1.718997667511633631e+00 1.474872046342619258e+00
1.862396765960766531e+00 1.629853050336154574e+00 1.673309513955295369e+00
1.603075132395623159e+00 1.344938366422673282e+00 1.865169450777400595e+00
1.699645546769540827e+00 1.868513730697722863e+00 1.595782068254350428e+00
1.316044560580173606e+00 1.375355014470362347e+00 1.827847622282397388e+00
1.481231413768880456e+00 1.333374485497707873e+00 1.797525802529197803e+00
1.934352137257273618e+00 1.558713684772277119e+00 9.015314593232719442e-01
1.503255290674050393e+00 1.864315407553268855e+00 1.583837477903779156e+00
1.546181445580110836e+00 1.422372270871380850e+00 1.816485214934264292e+00
1.811867208307119670e+00 9.966839759532948317e-01 1.125781948418723477e+00
1.676384628473450489e+00 1.334349590402678531e+00 1.155256285248873027e+00
1.133386714257875738e+00 1.740006420061068537e+00 1.381717286885455032e+00
9.957778435739058631e-01 1.097912977915470822e+00 1.781429321163986002e+00
1.861855252127109228e+00 1.627877471939447096e+00 1.756931714826816648e+00
1.135572915357877521e+00 1.396961920839744131e+00 1.450827025566651329e+00
1.940954128754747599e+00 1.344357241956338989e+00 1.129485776132131525e+00
1.949687662618570627e+00 1.698783449026873615e+00 1.343036417765131496e+00
1.677796729303360213e+00 1.422650411856118291e+00 1.336813862986197199e+00
1.938227971188280607e+00 1.438099756752978298e+00 1.386520962617153963e+00
1.914934783215558323e+00 1.425671220256537808e+00 9.075284920689307144e-01
1.644079192885382845e+00 1.063050058607089676e+00 1.120481386372338628e+00
1.992334273057996263e+00 1.759986719908826602e+00 7.720169104564665874e-01
2.027639806348203511e+00 1.926863715840333890e+00 7.113196117090415660e-01
1.210926170949553793e+00 1.938608974092924653e+00 1.272954349440744259e+00
1.112895336517716327e+00 1.128795852094044427e+00 1.572346037338248959e+00
1.474628552196525888e+00 1.865948850649315371e+00 1.522975768515296702e+00
1.951017088200531546e+00 2.252638868274915218e+00 1.430195693877400309e+00
1.129916061171666319e+00 1.248484711986794338e+00 1.668917015747295007e+00
1.774714802267908231e+00 1.367013524977307437e+00 1.887809518752080695e+00
1.783408799971980097e+00 1.635345417047898264e+00 1.282366709188812903e+00
1.510260302009930555e+00 1.431964063789676889e+00 1.298382055697107074e+00
1.472371609040827423e+00 1.446334034828728132e+00 1.314868641722895193e+00
1.101179920490508612e+00 1.442953265878206714e+00 1.582276723250291894e+00
1.901340062555773036e+00 1.837776068027423326e+00 1.644729924072608762e+00
1.665486995126208791e+00 1.789592577667004303e+00 1.557135822291998206e+00
1.651833420062942315e+00 1.691376243592300987e+00 1.351943806258920411e+00
1.710341873156845383e+00 1.572035967205893447e+00 1.128455417268764416e+00
1.574822954422972376e+00 1.700842869980027317e+00 1.345447738952225247e+00
1.823606363104142147e+00 1.609210314729398128e+00 1.242843743962986247e+00
1.650613401264464652e+00 1.607039827201082183e+00 1.179793360352335174e+00
1.796650141718545202e+00 1.473197936074233549e+00 9.050187362070427621e-01
1.566559086307689475e+00 1.404287937279963927e+00 1.260778819488030944e+00
1.655903435838717241e+00 1.862235869392040444e+00 1.591784048883175817e+00
1.690715647461058957e+00 1.693941990556798727e+00 1.713781640593192934e+00
1.066115321042238495e+00 1.263273294057229101e+00 1.770939587398052018e+00
1.500059452332959786e+00 1.381994983288384216e+00 1.192787703066957583e+00
1.907695953143854872e+00 1.946405848093199165e+00 1.593410417866998774e+00
1.968830171794292649e+00 1.400021255517856389e+00 1.168390847154052281e+00
1.268029365386402985e+00 1.370447840905652859e+00 1.820918924429097085e+00
1.598077207704316161e+00 1.841268634070120314e+00 1.588686603470693237e+00
1.613239153095979761e+00 1.382804242428575137e+00 1.865468827790461859e+00
9.671718865413644339e-01 1.102580303044783383e+00 1.824452873627759875e+00
1.103245584612802643e+00 1.480560463613388889e+00 1.496779624061827851e+00
1.950085324299994705e+00 1.277567490975130449e+00 9.926196406564167241e-01
1.593261415350592181e+00 1.580430737094360882e+00 1.624470349320982665e+00
1.611716927553120238e+00 1.424207907383313820e+00 1.317206449242757538e+00
1.755160354010332435e+00 1.288179332916665532e+00 1.070274674089088496e+00
1.092627359766499273e+00 1.107440888144222146e+00 1.639874327409791332e+00
1.819192698829896093e+00 9.866200727272127491e-01 1.203148845651460075e+00
1.208101583758038000e+00 1.493667727225137964e+00 1.301681009729442895e+00
1.146195440655107145e+00 1.666784384960303012e+00 1.415732069411505645e+00
1.294810782294922191e+00 1.836809642790535158e+00 1.392052520426574791e+00
1.159971095577713385e+00 1.402777319026986769e+00 1.761239741428130667e+00
1.155013160167138064e+00 1.349228871354247516e+00 1.760941684016528619e+00
1.992009050311303264e+00 1.365980768513505694e+00 9.513991438465604356e-01
1.951582660381259160e+00 1.538367014525973131e+00 9.525945178276529202e-01
1.743991565215041062e+00 1.417213740790528975e+00 1.347960084649910684e+00
2.005401656111833741e+00 1.612735660113157277e+00 1.177111041395744406e+00
1.852729541697721638e+00 1.795536472122476246e+00 1.561669079972285434e+00
1.763930275795913660e+00 1.053104014966654400e+00 1.147902685698920289e+00
1.204507427903872330e+00 1.834430248793343043e+00 1.313154979507129116e+00
1.047619550608461125e+00 1.314517647791628052e+00 1.724823306525561373e+00
1.092680343888986494e+00 1.389535031121222008e+00 1.761950251769561993e+00
1.982892215973246497e+00 1.558500995084690199e+00 1.301915040427833237e+00
1.214896883557998519e+00 1.813865934291401416e+00 1.383337415170926787e+00
1.933138535372675326e+00 1.628239704906517371e+00 1.503743711747924205e+00
1.156204631940940253e+00 1.387752637394482846e+00 1.523942125597468111e+00
2.018297273799119829e+00 1.649505009154178303e+00 8.729681346626048111e-01
1.304009547568827143e+00 1.596182309445995484e+00 1.534930239438788480e+00
1.423095592133454268e+00 1.878812216684630609e+00 1.531704819584023936e+00
2.035144976471332967e+00 1.863868838530587713e+00 7.326445775676279082e-01
1.073386557369999439e+00 1.384039377359507883e+00 1.589460808187822316e+00
9.187761466306307856e-01 1.000660298778776269e+00 1.744953798119281529e+00
1.266623911800506708e+00 1.349971982619432298e+00 1.778265411056531686e+00
1.019868409546355492e+00 1.219451899569954145e+00 1.570794137525590273e+00
1.870287814096239787e+00 1.624232502268605494e+00 1.632181036097189564e+00
9.348143703255321624e-01 9.412311405300300970e-01 1.761643041495525086e+00
1.975802035876588869e+00 1.344621722571583522e+00 1.039501649882236922e+00
1.984032893630584660e+00 1.497100972935872853e+00 1.353434438273202423e+00
1.721010947854680451e+00 1.385473848590938806e+00 1.274691615583943616e+00
1.838806373775857539e+00 1.599644388564111397e+00 1.670163125342340793e+00
1.761112239325027584e+00 1.451192114704581204e+00 1.422623617891133785e+00
1.883889047817422835e+00 2.121337299114320896e+00 1.505745057544352727e+00
1.993549298538541903e+00 1.542801721137017079e+00 1.152842434149930817e+00
1.205511656895720485e+00 1.983547841041118032e+00 1.223411579558616458e+00
1.779663658025632422e+00 1.002699487167111103e+00 1.186240231828948444e+00
9.874490033548170009e-01 9.754719216637186552e-01 1.737781940523168922e+00
1.627614470731215901e+00 1.365884326986326780e+00 1.202995586124856908e+00
1.950101121363642553e+00 1.274141114254307761e+00 1.083750101208705185e+00
1.961639444634313056e+00 1.634569224734584658e+00 8.945571244874502836e-01
1.095209765275572789e+00 1.429656161602306241e+00 1.530944245499947787e+00
1.217909168796833308e+00 1.370032498680615163e+00 1.764902899430602190e+00
1.916161185220160768e+00 2.202073459154600066e+00 1.423379447758545968e+00
1.172485850469764168e+00 1.360169197615627823e+00 1.491636847104147234e+00
1.936194680830433557e+00 1.235259380326812817e+00 1.099304637024882902e+00
1.639743894572525118e+00 1.793319229452063013e+00 1.643760915325356509e+00
1.180522978147902746e+00 2.027655325582761847e+00 1.195595194048211685e+00
1.680780554441338337e+00 1.375244733503550920e+00 1.873149811357483596e+00
1.975999362554673233e+00 1.636262823867407734e+00 1.396686884452765565e+00
1.161886921676228202e+00 1.817735137505462228e+00 1.270754933704137724e+00
1.688428642348626330e+00 1.025844129918473957e+00 1.164335629804023053e+00
1.677324209881392969e+00 1.568630698988330074e+00 1.631930141865262973e+00
1.347767688733895186e+00 1.855428895309002124e+00 1.447750740756955645e+00
1.384934744367234627e+00 1.597078092095884694e+00 1.571592516271078210e+00
1.007649990353163272e+00 1.204105775383539578e+00 1.613413421522622571e+00
1.869096907991617762e+00 1.450835563813889006e+00 8.836856224057344500e-01
1.545819814056275998e+00 1.886256060054076755e+00 1.577882834163723436e+00
1.519751048605215260e+00 1.834575783966074125e+00 1.607365844394694543e+00
1.904557761078484068e+00 1.767974118022301644e+00 1.536256185959280485e+00
1.616581276803152889e+00 1.552389553387862664e+00 1.056199175516073563e+00
1.547397452478265878e+00 1.679949575567990738e+00 1.293536884272195264e+00
1.580573181962093621e+00 1.562569674624729510e+00 1.065511024995415168e+00
1.415140854716742780e+00 1.534870633763539827e+00 1.475900886441735782e+00
1.786295146858668081e+00 1.566268463206766715e+00 1.142485891613712834e+00
1.845849161744009370e+00 1.531117003682908040e+00 1.090762728282355987e+00
1.644141811653943241e+00 1.544222660074233699e+00 1.572455586368467495e+00
1.833425005404763608e+00 1.692841096826152691e+00 1.416090630255023353e+00
1.957874652901795631e+00 1.502012575952868856e+00 8.772692517924989275e-01
1.180316276029065747e+00 1.758302823635518708e+00 1.258007977373234665e+00
1.888070256886445586e+00 1.714890397692688806e+00 1.666670690161164314e+00
1.146867491381917459e+00 1.562945190243033577e+00 1.442211182233835487e+00
1.288554068914228967e+00 1.377743519133169059e+00 1.764957710080449882e+00
1.017157646554544437e+00 1.144969590823223138e+00 1.800388957929729417e+00
1.983213263707177765e+00 1.443825002629174126e+00 1.244441583761146664e+00
1.042029739320783133e+00 1.203085881754278663e+00 1.798398339127752710e+00
1.777284166719519831e+00 1.330613377721403534e+00 1.181844292029016641e+00
1.724454283698259482e+00 1.281385644320706785e+00 1.027405039647787399e+00
1.877520007484701603e+00 1.587290375995489722e+00 1.606795325958719323e+00
1.529777707326904324e+00 1.343931890479256763e+00 1.125310309402604236e+00
1.901766599860576168e+00 1.133709981549936963e+00 1.108174357830983059e+00
1.294405565410711612e+00 1.425930697466629926e+00 1.788304137729003207e+00
1.056969151794667772e+00 1.232550179836203297e+00 1.705022815826453764e+00
1.632710851808608421e+00 1.706300699008675092e+00 1.700691555204329797e+00
1.687991701434602865e+00 1.502477786481444699e+00 1.502768946275803597e+00
1.192841981216890002e+00 1.919450557497654142e+00 1.248070695927383067e+00
1.676432566662620083e+00 1.486611166440914511e+00 9.426683573082578205e-01
1.893577445974642171e+00 1.198774623058117328e+00 1.030432609856469561e+00
1.820824348834841455e+00 1.348171293668587012e+00 1.865175674917108450e+00
1.851673838612980072e+00 1.282081722073858510e+00 1.087774807793256304e+00
1.797405947549200578e+00 1.470935104010623773e+00 1.789032660164355804e+00
1.752512146883064448e+00 1.580345318183896008e+00 1.665813268366721944e+00
1.476039209216970072e+00 1.465268312172766318e+00 1.354359144873178433e+00
1.125103402727623214e+00 1.418224293270009762e+00 1.592702502745962700e+00
1.857721961622424311e+00 1.578615693825157207e+00 1.732565465157780649e+00
1.343039686884520023e+00 1.811200721479716780e+00 1.521634116941803727e+00
1.986501846712202868e+00 1.469776016495394133e+00 1.306279853657386525e+00
1.034036463809951512e+00 1.035991711600682708e+00 1.755195531391410269e+00
1.334320924957764998e+00 1.766567665617969851e+00 1.547229076049333685e+00
1.992568406046910434e+00 1.517380030620790521e+00 8.832836759221548428e-01
1.790779501472651969e+00 1.400326353256375889e+00 1.840485663820323747e+00
1.166263821399574852e+00 2.128853705340195912e+00 1.197780484062235473e+00
1.791350771296705835e+00 1.491818956492429793e+00 1.513128959219671499e+00
1.973244808201455092e+00 1.580774476674878359e+00 1.386214850095253359e+00
1.469419670235865727e+00 1.653069511982290241e+00 1.656926857340688786e+00
1.723808323442439727e+00 1.465604363324027215e+00 1.438749032543904960e+00
1.951946607581822812e+00 1.203356448416575963e+00 1.037118442294630682e+00
1.137956988856723362e+00 1.181066022774627244e+00 1.529726817698910724e+00
1.997097397780309924e+00 1.664625616416903764e+00 1.278511502958047386e+00
1.283556561673430352e+00 1.786354866542746667e+00 1.488282224330732539e+00
1.752171477149647494e+00 1.807860704754478354e+00 1.619573961106187454e+00
1.768881099686598235e+00 1.362787966477051471e+00 1.244653186199303319e+00
1.153578122758401214e+00 1.458514824276815780e+00 1.428633986261070410e+00
1.050567238854680063e+00 1.321818248544778696e+00 1.652100678101386722e+00
1.608316674763356158e+00 1.668327775654069534e+00 1.698737173233214826e+00
1.777267807541727418e+00 1.631555372570521634e+00 1.724533601071800426e+00
1.684269274319565524e+00 1.723208779404499902e+00 1.427916786518946823e+00
1.720441965318846744e+00 1.505975194045222620e+00 9.976897060445004684e-01
1.814322309450363990e+00 1.525894900731576076e+00 1.069441021617909549e+00
1.800381037320693434e+00 1.455711707940177790e+00 1.445393320933689774e+00
1.936038649423687863e+00 1.593067858749456001e+00 1.248142853100439043e+00
1.679478965999455342e+00 1.562622393212849570e+00 1.099266831501908515e+00
1.619151822318459555e+00 1.689639977289792316e+00 1.337733565895785404e+00
1.828382584680552370e+00 1.738917528973891846e+00 1.509114611792910177e+00
1.314136745144816709e+00 1.511720454511415124e+00 1.394896692949299855e+00
1.374151315565501408e+00 1.415652854635355506e+00 1.218590955632882444e+00
1.244404175744858732e+00 1.699070929601711022e+00 1.229671333683036938e+00
1.415264431347255103e+00 1.621171961999722244e+00 1.128537641479100628e+00
1.574388673185633136e+00 1.643417150300266361e+00 1.228294404194985479e+00
1.312401816770047303e+00 1.663203764992499334e+00 1.180011080457951778e+00
1.669489670387928948e+00 1.628631120265078946e+00 1.230025964082233081e+00
1.878698974299928937e+00 1.620431436374692336e+00 1.284235152493311993e+00
1.460597845100516823e+00 1.782129034183290495e+00 1.472610300472412037e+00
1.738367070748291221e+00 1.676957665949691423e+00 1.352086499045739743e+00
1.356920650526204364e+00 1.652344082793967273e+00 1.172716869378749749e+00
1.531634116691390268e+00 1.589517728270206431e+00 1.103471941922723243e+00
1.017947575577283104e+00 1.157967692939361193e+00 1.746966243261363960e+00
1.469953862124596444e+00 1.720037236611515974e+00 1.349403941779202309e+00
1.091516613909910616e+00 1.139744435545605450e+00 1.710514158830859444e+00
1.638712320733029859e+00 1.707200348665268042e+00 1.380483823147091949e+00
1.741057050856039234e+00 1.726323206689395651e+00 1.454019525761804710e+00
1.356389774227746425e+00 1.770953580331107613e+00 1.414328539284601449e+00
1.886651638875497694e+00 1.474897854545879072e+00 9.891332601715838724e-01
1.811463537638247301e+00 1.756682114921299664e+00 1.705487732988607785e+00
1.362229939593794015e+00 1.720554609741635987e+00 1.314090339542890451e+00
1.316695116424184242e+00 1.735575239954267435e+00 1.328998199699825467e+00
1.593582212145764121e+00 1.722291568755480062e+00 1.395512827553488266e+00
1.590135754522833844e+00 1.498559833518007922e+00 1.461362201551481332e+00
1.754868154752575959e+00 1.473071803669091295e+00 9.415359475102522691e-01
1.011966377358746172e+00 1.229743174531662042e+00 1.748301382487398747e+00
1.484459379364926335e+00 1.829038072398177395e+00 1.546950628943493555e+00
9.658627897885293523e-01 1.052013567541383088e+00 1.705348946879252203e+00
1.866875143566164796e+00 1.065939971251052887e+00 1.140863685730671317e+00
1.730289396551417003e+00 1.413259744639916660e+00 9.093559968041112773e-01
1.713651778277776261e+00 1.412382385409189922e+00 1.327206708198766627e+00
9.418386012716418731e-01 1.058320773106760759e+00 1.810037954808152882e+00
1.954597487404456269e+00 1.368187581928142826e+00 1.172814601326891415e+00
1.937085359735010393e+00 1.376791352052101791e+00 1.253698725437770278e+00
1.338148828225102394e+00 1.365381643014634161e+00 1.776777555560233646e+00
1.037301013061965538e+00 1.287168114471000102e+00 1.683927196160532880e+00
1.153669243396970634e+00 1.237551761947462303e+00 1.492997634123396589e+00
1.766578986158063636e+00 1.866064322342148474e+00 1.611336895563111771e+00
1.886676958704982088e+00 2.156173714258561969e+00 1.463689515799633023e+00
1.864465517467013722e+00 1.230846003608819572e+00 1.087398248415262891e+00
1.795600778439210066e+00 1.417294961992643376e+00 8.883274427590682754e-01
1.305167630121221833e+00 1.543086209180271950e+00 1.455613978826656885e+00
1.651295927073826331e+00 1.401605771859488314e+00 1.284749510881894485e+00
1.198522796823441094e+00 1.880629507041627013e+00 1.271244155426416444e+00
1.445184189172299849e+00 1.384547162828489997e+00 1.179446670519036511e+00
1.200914817596548279e+00 2.238399889088632744e+00 1.119849813462409971e+00
1.780888027699903509e+00 1.555599302057019351e+00 1.625591022606471592e+00
1.479715290383053938e+00 1.352206985010633300e+00 1.860150034413299069e+00
9.893365991431722906e-01 1.031442637534625506e+00 1.754787087689244407e+00
1.851983995225944257e+00 1.170865206087676746e+00 1.081543484520033349e+00
1.217863392882355900e+00 1.589676113374555388e+00 1.476525884592459370e+00
1.167975316265284169e+00 1.713150297022538071e+00 1.320051730164149895e+00
1.966357616769460526e+00 1.650048001527919528e+00 1.248766982718752194e+00
1.977974022629925832e+00 1.516294867361384302e+00 1.390454116277698215e+00
1.440860543460649623e+00 1.410108810136695423e+00 1.230464056749160928e+00
1.364955494497046340e+00 1.872320737647073408e+00 1.498726364089351115e+00
1.390937934457794789e+00 1.502090012899170990e+00 1.401161878972283725e+00
1.885558330155630902e+00 1.828750037261438699e+00 1.570248500639641609e+00
1.145236587187719701e+00 1.396819727214332119e+00 1.795204526850891824e+00
1.713100473979392024e+00 9.819666713788712809e-01 1.158787015772098750e+00
1.917578109049583812e+00 2.113648801634933960e+00 1.459742505353095687e+00
1.807151901317590514e+00 1.298986617709835922e+00 9.663696472869333087e-01
1.796851212742272441e+00 1.401662131736863826e+00 9.205952625294465674e-01
1.226319954084996278e+00 1.545749535556860454e+00 1.414626457486549471e+00
1.899925529352051612e+00 1.766674163759432314e+00 1.617881402377704170e+00
1.906817333789595503e+00 1.549386576344911282e+00 1.149073322963490185e+00
1.926364503836116793e+00 1.162934386559543176e+00 1.076957878569576810e+00
1.403247253518863591e+00 1.752140234670164221e+00 1.391725770338600343e+00
1.445143644494707669e+00 1.603427008839636292e+00 1.102948337677913004e+00
1.752868906164223972e+00 1.391795363781277439e+00 1.871931249397849717e+00
1.402428854083233034e+00 1.432388373880689070e+00 1.262897387467668997e+00
1.432825661494925962e+00 1.472383138754898013e+00 1.354301484527231647e+00
1.385222976706924625e+00 1.669170058579112936e+00 1.216689533741590612e+00
1.532734855696488374e+00 1.761252183735825705e+00 1.454572584240906297e+00
1.727154435130065613e+00 1.658760548576229787e+00 1.310867531431925803e+00
1.352568641626201718e+00 1.696237647832093742e+00 1.603475666801252419e+00
1.976998230485524477e+00 1.536639458295302241e+00 1.020778027903837204e+00
1.806507146125301944e+00 1.483973400708085144e+00 8.557293520032490663e-01
1.646226505506205973e+00 1.565260093569168953e+00 1.093169658645567477e+00
1.834933773240835286e+00 1.847804290989233378e+00 1.662425172256366324e+00
1.745472695226594650e+00 1.534571051556846255e+00 1.064514663869052136e+00
1.867174809452535778e+00 1.602065886303692954e+00 1.243060371217193483e+00
1.887280426996958749e+00 1.677264724584278666e+00 1.402735660501619686e+00
1.783398219350511571e+00 1.547528178844920443e+00 1.102834717790926122e+00
1.146206531079083657e+00 1.977200754644990122e+00 1.276463452083123729e+00
1.118727834625227180e+00 1.615521492625412003e+00 1.420578776635646800e+00
1.174601238014686633e+00 1.305433833949534161e+00 1.460857362856307073e+00
1.650242325152925460e+00 1.758363314892881668e+00 1.675498008245908776e+00
1.842607213063277349e+00 1.493627830004924828e+00 9.027060195544306387e-01
1.072807594308233581e+00 1.042016362076863878e+00 1.611450464737235855e+00
1.902406499882281388e+00 1.250756541099901753e+00 1.001493036626769806e+00
1.045710970629053049e+00 9.905966366391449895e-01 1.643391216894443785e+00
1.739611242016506854e+00 1.666141837582222340e+00 1.723725753791082171e+00
1.182445954445821013e+00 1.864024045937135110e+00 1.335888864805174769e+00
1.900357385703064450e+00 1.916375673215264586e+00 1.570995655967897031e+00
1.889091304462449550e+00 1.206722517492364366e+00 1.105003951889174774e+00
1.586311144129347817e+00 1.731516336055163974e+00 1.678344219294988671e+00
1.268313772473040446e+00 1.654684678990798519e+00 1.552385012208751691e+00
1.064220512625278836e+00 1.042253477746139412e+00 1.648228154881478336e+00
1.656828008871539915e+00 1.603833524803000232e+00 1.669906132154740597e+00
1.172044219285018896e+00 1.252014553942624175e+00 1.429602038168251044e+00
1.093360720197219305e+00 1.322995967839215137e+00 1.623704205675463808e+00
2.003948192634959824e+00 1.855163020483095337e+00 7.433967671455044002e-01
9.486501324586640305e-01 1.077153297223615525e+00 1.752563299707464717e+00
1.914951891607959533e+00 1.604871875388406144e+00 1.555941233074412011e+00
1.421454928941186857e+00 1.628896208033947746e+00 1.625615838998656582e+00
1.891423004831294552e+00 1.725776997321057715e+00 1.562813684601248365e+00
1.179906050999174782e+00 1.527147684050319087e+00 1.341106539650892326e+00
1.211635598911682488e+00 2.176107300318010473e+00 1.178962404332393188e+00
1.569243191473828958e+00 1.322304664222509141e+00 1.812870632663544201e+00
1.854874864626681052e+00 2.008578669882357115e+00 1.562547515287708189e+00
1.515288336281271464e+00 1.342544089855788991e+00 1.852666770261832019e+00
1.502400668196758105e+00 1.486164433075101154e+00 1.406136493916030128e+00
1.359960744439742131e+00 1.727679509568282645e+00 1.593866200750488238e+00
1.945603420791272464e+00 1.581385228159944312e+00 8.625832762442156021e-01
1.148206271571427406e+00 1.310530756036345057e+00 1.620488873719607703e+00
1.748515877216555880e+00 1.848575800695582139e+00 1.654284808171069043e+00
1.060947950181746702e+00 1.312599256199809439e+00 1.511880724559160338e+00
1.106527326654582088e+00 1.377050981743454638e+00 1.672178908128523656e+00
1.986507210521279321e+00 1.466315496866890555e+00 1.272979024244044188e+00
1.115755497998285550e+00 1.512120104190809666e+00 1.425539654912328480e+00
1.743197054442652938e+00 1.310247487591263305e+00 1.129104536221517741e+00
1.149986714237696050e+00 1.259701823708506918e+00 1.565153785899744410e+00
1.896795730276525260e+00 1.325081696593222169e+00 9.602017561620149744e-01
1.997191759650373655e+00 1.419311084568658732e+00 9.240158675994858406e-01
1.821462041358035133e+00 1.111513977218623772e+00 1.127272151584500337e+00
1.882737231943858891e+00 1.746090955800077005e+00 1.708299850092768635e+00
1.235033687314432527e+00 1.748917142985802142e+00 1.448221910775880250e+00
9.711099792799317010e-01 1.134304445373090831e+00 1.758786613614897743e+00
1.967925370658012652e+00 1.413125724692259944e+00 1.137871650324235873e+00
1.801336339306916834e+00 1.519170573636456911e+00 1.558899497784241639e+00
1.822591825983224112e+00 1.847619646993936771e+00 1.598841643236929455e+00
1.559371481251999647e+00 1.377737464193996786e+00 1.204418859432831335e+00
1.698333743546596164e+00 1.318412570100973236e+00 1.852794346228368472e+00
1.948817996669773622e+00 1.662300886823508295e+00 1.342156145478444973e+00
1.035161548003314502e+00 1.237954915713380677e+00 1.639837404094231399e+00
1.616408587191523027e+00 1.316569510525449793e+00 1.098574669072024612e+00
1.079120030546286024e+00 1.256905842097749026e+00 1.703926479784591219e+00
1.960675846256220378e+00 1.409106648263681816e+00 1.283801250518218140e+00
1.514896393326014890e+00 1.522381525324606466e+00 1.484060094702479571e+00
1.879402130782634961e+00 1.270597553153996140e+00 1.021484321001555617e+00
1.942611731269299646e+00 1.314878361334377077e+00 1.078655024260067874e+00
1.342821810170867103e+00 1.841135206359351573e+00 1.503504512828057971e+00
1.235519714163595850e+00 1.646007259117161503e+00 1.517709708081550923e+00
9.533900968360695671e-01 9.868935244883124680e-01 1.713137351471985870e+00
1.156110717195656168e+00 1.569454546315842469e+00 1.363529930952725122e+00
1.814003677220525246e+00 9.660758254663678324e-01 1.142601378113366373e+00
1.747439134433411922e+00 1.298012093044293991e+00 9.591842580212025515e-01
1.119057299009403206e+00 1.299663178680309450e+00 1.674712990254253464e+00
1.063970173745125480e+00 1.082792746849267074e+00 1.735620430959792238e+00
1.915388890673800137e+00 2.017595546393443406e+00 1.561088167987890296e+00
1.745763206285896318e+00 1.444663107370479427e+00 1.838541914627346729e+00
1.747185148609374350e+00 1.501701406249901005e+00 1.520471384779136903e+00
9.955712267029516171e-01 1.186875421058110502e+00 1.793787925742667655e+00
1.249525880012890333e+00 1.725390675900263959e+00 1.501756238620589157e+00
1.643485931419036650e+00 1.323766564843102733e+00 1.828159561478647666e+00
1.880351367402691487e+00 1.687880733346284856e+00 1.597929271926352701e+00
1.152817563431500325e+00 2.044228077826242274e+00 1.238554512636248051e+00
1.174635442225204107e+00 1.898506458234003658e+00 1.320372916665442320e+00
1.987616716948185536e+00 1.794894549186722088e+00 7.950950446591947829e-01
1.884939379521193059e+00 1.747941473982202787e+00 1.488555715818599801e+00
1.399283032136980465e+00 1.368860381795496961e+00 1.782986393261130287e+00
1.994825859614213215e+00 1.397702635211874655e+00 9.564589641576981549e-01
1.736188336823873746e+00 1.042408859847952174e+00 1.112110034220850974e+00
1.301608715532452276e+00 1.528944795009005153e+00 1.425623716869984792e+00
1.814968958659496812e+00 1.060535787225926896e+00 1.160514940691988350e+00
1.908508031754000411e+00 1.894491869835050135e+00 1.605966116375130204e+00
1.931253763409622515e+00 1.510059190178652866e+00 1.484520780544055896e+00
1.455818791648107347e+00 1.839470657364088657e+00 1.576196288095241815e+00
1.785224349828228974e+00 1.288034260234959705e+00 1.081760147251398685e+00
1.832198351057069852e+00 1.894205688461474191e+00 1.578892199047419842e+00
1.426568096534136743e+00 1.592600202694338440e+00 1.582973550645584870e+00
1.186134566587780492e+00 1.724567841319844863e+00 1.403213797746618807e+00
1.934444834042943429e+00 1.539106187554040162e+00 1.011390658391157604e+00
1.594883663844125943e+00 1.773575064348982266e+00 1.649113662555073523e+00
1.456556271912102352e+00 1.503199477732520384e+00 1.425537956588191157e+00
1.452160745871710290e+00 1.331732523818505154e+00 1.811034561051370284e+00
9.413634161732070682e-01 9.524635592966506081e-01 1.727432945298969624e+00
1.458746092362453561e+00 1.712599184174872669e+00 1.653117495109401869e+00
1.840321663942488639e+00 1.462642374215598506e+00 9.495594307923100885e-01
1.932083235245610098e+00 2.194807372534300693e+00 1.465163718050682018e+00
1.913403217024437719e+00 1.340710183903098374e+00 1.199913934787473879e+00
1.486408258841065866e+00 1.777093456619418088e+00 1.620478241707030476e+00
1.612769143411117989e+00 1.332505031296875586e+00 1.130057933463397779e+00
1.936324188041896877e+00 1.192592989016973748e+00 1.082571093487240121e+00
1.306787322794715545e+00 1.770784915527222614e+00 1.397582310815969064e+00
1.867351037419526349e+00 2.019713470410568590e+00 1.503499810971517414e+00
1.242921735141105932e+00 1.503247281946742397e+00 1.349628380037278585e+00
2.031281716337307142e+00 1.710896534247737133e+00 8.263309178425368717e-01
1.938937632287187407e+00 2.245358849228334730e+00 1.400618333074811206e+00
1.948213928011443219e+00 1.680166803995559288e+00 1.464227551403582739e+00
1.275849224950737160e+00 1.468976554846656901e+00 1.294116778607523832e+00
1.917638467970440130e+00 1.666824177858104550e+00 1.512949334057795081e+00
1.028518931237591749e+00 1.100621971441584135e+00 1.769380696985241697e+00
1.220476186415537567e+00 1.785409221385375833e+00 1.307223681516387792e+00
1.562632361679508808e+00 1.565618684838034236e+00 1.588653399919110809e+00
2.017429880794106012e+00 1.883815157561810727e+00 7.158936695964452923e-01
1.647356151953029757e+00 1.444598824725299879e+00 1.370178113477777959e+00
9.920505927565640425e-01 1.138910196714350676e+00 1.671710794216424212e+00
1.036062636256344316e+00 1.002726284393612000e+00 1.698866350738698516e+00
1.938334196799651910e+00 1.408924729062500658e+00 9.204616841247647008e-01
1.026571137750428742e+00 1.253804510658740101e+00 1.789718560349304433e+00
1.096325131089057825e+00 1.383712832329437425e+00 1.542532929924668839e+00
1.270646623324463098e+00 1.408254804171023666e+00 1.763918513356601769e+00
2.008517066846782217e+00 1.586862687749654111e+00 8.531073729047278231e-01
1.701965679161095535e+00 1.543691996715945258e+00 1.591001597632279774e+00
1.906573817035834839e+00 1.979777123584866683e+00 1.586599651460210536e+00
1.154668011069088340e+00 1.921136691798287277e+00 1.242050157768654461e+00
1.139743819263612234e+00 1.605942939207238407e+00 1.336770391260238444e+00
1.108769997742751645e+00 1.351555106553284036e+00 1.730259163988318249e+00
1.963902433605010822e+00 1.618651206122730057e+00 1.238337387119008426e+00
1.118051911116497488e+00 1.198171469123883837e+00 1.669133020707109560e+00
2.005967728214822721e+00 1.450127617951297188e+00 9.103425809105496480e-01
1.985504724522396680e+00 1.535732651211950239e+00 1.275165978983638482e+00
1.933005561800796857e+00 1.746276718120068017e+00 1.422915671310970298e+00
1.771946650321770678e+00 1.433251456347535591e+00 1.823940940597053695e+00
1.102042720736411185e+00 1.453164502643303546e+00 1.552796772098762768e+00
1.170741374502321630e+00 1.274958326745154524e+00 1.456352313051340941e+00
1.139717882470119958e+00 1.433509070934470886e+00 1.469537346542597378e+00
1.700883847292692819e+00 1.045831948607413686e+00 1.104416625285087550e+00
1.981212202712760995e+00 1.683312992619216963e+00 1.381012604844893410e+00
1.211814190113742251e+00 1.694812684201517428e+00 1.476013747540812382e+00
1.059575545857127876e+00 1.207514391589866731e+00 1.734374570253610193e+00
1.551108357760396128e+00 1.549545047677820531e+00 1.028878768810005395e+00
1.904110752750590940e+00 1.499921677407205944e+00 1.047103784698613094e+00
1.777260352902725993e+00 1.716003314706034955e+00 1.444981074109793484e+00
1.751111818908688056e+00 1.515500662916817065e+00 1.026693890501549467e+00
1.694238902655893053e+00 1.775768442481585829e+00 1.538870778627068336e+00
1.699226304125382114e+00 1.375418921682925566e+00 1.247354578679501502e+00
1.272411373418616876e+00 1.746620407318126400e+00 1.336439278613683612e+00
1.610017119060476620e+00 1.663689827610220107e+00 1.281498139411113568e+00
1.995208311714741001e+00 1.432436726719083397e+00 9.680475502611169958e-01
1.868713692495933998e+00 1.567524295621145258e+00 1.173222429552204904e+00
1.694731024423676846e+00 1.479126929345932817e+00 1.457105695841718562e+00
1.637783935668631674e+00 1.799399577354977797e+00 1.567735720403977018e+00
1.465494849228921925e+00 1.647864583401785987e+00 1.200222482316398942e+00
1.854984584019995664e+00 1.645339009913857398e+00 1.326734746921816033e+00
1.322954927378888090e+00 1.480621378283045519e+00 1.333966386326822740e+00
1.358961217927812548e+00 1.558181062895236835e+00 1.504661341098953997e+00
1.216880197933204677e+00 1.708747542037156286e+00 1.240190791278291238e+00
1.368116365356488950e+00 1.496408878315326652e+00 1.381520680874926965e+00
1.511868709830558322e+00 1.846267048909192576e+00 1.549813324845070728e+00
1.411401687464856947e+00 1.489214698396072567e+00 1.381556910734764276e+00
1.532448638431188837e+00 1.616092974858596154e+00 1.157964785197677982e+00
1.545886404275133019e+00 1.452124506539642868e+00 1.351677983875865241e+00
1.803604730300814696e+00 1.543876334528222927e+00 1.803072849742801687e+00
1.719315857863651598e+00 1.043693410394289645e+00 1.150403519487381176e+00
1.916570397522975533e+00 1.488713017028439500e+00 9.374390449294291994e-01
1.948780372642607617e+00 1.369395532247802416e+00 9.423363551612464750e-01
1.720127367951202357e+00 1.800386022171018841e+00 1.598346726891145320e+00
1.604331088419906681e+00 1.771196501747622110e+00 1.499199050372783448e+00
1.772818320293544803e+00 1.599132802362130068e+00 1.748891004161240659e+00
1.854729584829800437e+00 1.925892074531702081e+00 1.546527672252143937e+00
1.835103742754658374e+00 1.311633238578030047e+00 9.624095880299252670e-01
1.234303401134275724e+00 1.734285503575690113e+00 1.298249827450209670e+00
1.586802395642892494e+00 1.374911596378820988e+00 1.788097645580612127e+00
1.955321515340675553e+00 1.604666250663377536e+00 1.448688530963186061e+00
1.262217770544411310e+00 1.707169470072206652e+00 1.536636255890502900e+00
1.652979972031980438e+00 1.362672856663788901e+00 1.877963296099930401e+00
1.265077026382923853e+00 1.594499408850031275e+00 1.509876083693757254e+00
1.810835798214635917e+00 1.590839732096161363e+00 1.782959402139628668e+00
1.342440367174852156e+00 1.404207628244705353e+00 1.818060218454247812e+00
1.881727791095243685e+00 1.676729194314350968e+00 1.685572386272530032e+00
1.793684852663660845e+00 1.353317975248171878e+00 1.826829290757343127e+00
1.835177730773610127e+00 1.692719744364457712e+00 1.741104612622017100e+00
1.082122996278351845e+00 1.405599431869959171e+00 1.637231030815315957e+00
1.151413488357045933e+00 1.566296405939478831e+00 1.412043903464972328e+00
1.997048167169423794e+00 1.831732281091688730e+00 7.751721722743671883e-01
1.844244053328875532e+00 1.066549568741974152e+00 1.100357216311138364e+00
1.254695237945407493e+00 1.397353498936714677e+00 1.813924770871708336e+00
2.045551005207077111e+00 1.909743304465179037e+00 7.426278754887533085e-01
1.890841543744113951e+00 1.625961557539747471e+00 1.597374117480016009e+00
1.485978178802032534e+00 1.735086655098069919e+00 1.651927049346826326e+00
1.756340568812441827e+00 9.910822182867162766e-01 1.115441101078103348e+00
1.415765996455306652e+00 1.557283288654874864e+00 1.521923530851607476e+00
1.857835210554772409e+00 1.913350781628025077e+00 1.626779689570066800e+00
1.897837580105537603e+00 1.485540490441104700e+00 1.492312357136579948e+00
1.132824395299897091e+00 1.771159630918904826e+00 1.366353852328498153e+00
1.715058738648262304e+00 1.738319217240954506e+00 1.695799706369645721e+00
1.092376733708372072e+00 1.168159862446314534e+00 1.735108860214781501e+00
1.038055429958202547e+00 9.652933635944666024e-01 1.627307238376799692e+00
1.732378636122353877e+00 1.414729552798256407e+00 1.852352514284394180e+00
1.413236473814345695e+00 1.450860693582329386e+00 1.303977339749055941e+00
1.187354857090129334e+00 1.914641208314020293e+00 1.297463860715164508e+00
1.157158428402408568e+00 1.722307572583894997e+00 1.392169960587143596e+00
1.923507517287260660e+00 9.960813087721575032e-01 1.162319805127082883e+00
1.176538357690080749e+00 1.788239355216595605e+00 1.252491320851742307e+00
1.421194665312370153e+00 1.431738873458374028e+00 1.814949580430477161e+00
1.201895582608131230e+00 1.965904871377647467e+00 1.284260516914955685e+00
1.990837542416358241e+00 1.521774823784755482e+00 9.696175878388011427e-01
1.537216581984665709e+00 1.864670825895087702e+00 1.597487127688723252e+00
1.127669461505346860e+00 1.135104665016780645e+00 1.532167520569000407e+00
1.320206135144061710e+00 1.457773611141439440e+00 1.286748604024319009e+00
1.946905426259783578e+00 1.550825493927256993e+00 1.094334711879342947e+00
1.921783708327748696e+00 2.050866369438007375e+00 1.493057376600431141e+00
1.707068225857248711e+00 1.332083214507773228e+00 1.827244935889771105e+00
1.320529627720379517e+00 1.785634019395080374e+00 1.521395243847510903e+00
1.138879578044722951e+00 1.790153276433145146e+00 1.289546375467891748e+00
1.312141474995689672e+00 1.844231316300106283e+00 1.477929125112852127e+00
1.333025907621735007e+00 1.629951938081410256e+00 1.587175478760075586e+00
1.661179678469424825e+00 1.012860071553612018e+00 1.166496572026796352e+00
1.062472730730409154e+00 1.258887775163433975e+00 1.741245249845015275e+00
